          0, 1051669684, 1029600599, 1012787629, 1002284446,  997033297,  993883369,  991785079,  989685760,
  129990723,  113161462,   86901133,   49122765,    9264557, 1049447768, 1024280812, 1004357752,  988628992,
  253688969,  243153206,  208507327,  143473128,   73210298,   15538526, 1043143919, 1007493241,  980232192,
  340692164,  337499489,  317532653,  222095871,  123527620,   41740642, 1052570865, 1003289722,  964495360,
  360595692,  360553836,  361560555,  284993023,  159164877,   57458022, 1051512051,  990698618,  941418496,
  313398530,  314411360,  315424188,  317485567,  183269845,   62689642, 1043114228,  970768507,  914149376,
  224264461,  225282381,  227348874,  228367813,  196888030,   59534702, 1027377398,  945594491,  880587776,
  116258066,  117280058,  118303070,  118277504,  119300511,   51135861, 1006397689,  914130044,  841784320,
     912662,     889130,     866619,     845128,     823635,     802139,  982271232,  879519872,  798786560,
  967921419,  951099294,  935324720,  921649329,  915313917,  917374205,  924684482,  932002920,  939326464,
   10529650,          0, 1064259729, 1049534726, 1029571894, 1008568603,  991767760,  978119789,  966572032,
  126879706,  123690087,  115257584,   90048849,   48071012,    1908018, 1035785434, 1004314737,  978091008,
  227498047,  228505796,  229512521,  185433489,  116198792,   46972228, 1060931810, 1013735539,  975979520,
  279883928,  284040458,  288195963,  258801095,  161260963,   70019409, 1069301992, 1008477302,  961286144,
  266214619,  271423794,  275584390,  278697431,  186402233,   76292443, 1061946605,  991686776,  936109056,
  201172234,  204289349,  207406460,  209474991,  194770382,   68935013, 1043057904,  964411513,  902543360,
  107826475,  108849485,  109873516,  110898566,  112972188,   51092848, 1014733046,  927700090,  860591104,
     853315,     831826,     810333,     789859,     769382,     749925,  982214912,  887843968,  811298816,
  863144476,  852622985,  842101494,  830532449,  818963400,  813680674,  819924039,  834556983,  851293184,
  965856930,  961627919,  957397883,  953167848,  948933701,  943646844,  938357884,  934122572,  931990528,
 1070667562, 1072728981,          0,    1009769, 1064223922, 1044256965, 1020098722,  995946586,  975995904,
   96489394,  104841243,  112146564,  108962016,   82705676,   39673084, 1068290237, 1027368036,  992742400,
  172977207,  183429270,  193881331,  200138059,  144523602,   77378851,   13386960, 1032581228,  988522496,
  197035179,  206440694,  215846206,  224204162,  176985480,   86779198,    9161949, 1018923121,  966479872,
  164474117,  170736952,  177000807,  182217104,  184287667,   76261716, 1059808486,  988491892,  930809856,
   93124935,   95196516,   98318715,  100392332,  102466968,   51068265, 1025182962,  945480823,  883606528,
     812410,     790915,     770438,     749955,     731516,     713072,  983218432,  897227904,  826968064,
  765692417,  760424961,  755157505,  749889032,  740433485,  735164053,  730942172,  725671715,  721449834,
  849530369,  851601952,  853673575,  854695598,  855721719,  857791294,  858813318,  859834317,  863992832,
  937559678,  945922757,  954284813,  963695446,  972058528,  979370984,  982477848,  979285021,  971898880,
 1028733732, 1043387244, 1059089334,          0,    8354880,    5168229, 1063136356, 1042120766, 1020060672,
   44063692,   61859859,   79657048,   96405660,   92173509,   65915076,   28122266, 1063027796, 1029440512,
  100615279,  117362858,  133062882,  148763926,  145585460,   86821126,   30160061, 1052489826, 1009472512,
  107880699,  119386404,  130894151,  140304740,  149716348,   78377271,    2847955, 1017843820,  969588736,
   69013866,   74231166,   79449482,   84668816,   88840592,   47920478, 1035654378,  965379186,  913982464,
     796097,     773569,     752057,     731563,     713111,     694654,  983190784,  907677824,  845798400,
  687078913,  686017025,  686003713,  685989377,  684926465,  678631937,  665008641,  667085313,  670209537,
  743661057,  749937153,  757262849,  763537921,  770862593,  774008321,  780289537,  788656663,  797024831,
  808626689,  822241793,  836905506,  850520644,  865184359,  881958546,  895569594,  910229218,  924888841,
  880928414,  901883584,  922837732,  944840458,  965794609,  990948189, 1011899269, 1031801772, 1052752852,
  959518560,  987812742, 1016106925, 1044401110,          0,   18846749,   27200552,   26113053,   20832256,
 1046496296,    5238864,   29330548,   52373651,   74368174,   60692638,   42824826,   19716163, 1072451584,
   28251372,   47097095,   64895259,   81645864,   97348912,   70045957,   16523440, 1052481626, 1022043136,
   33406357,   42814876,   51175835,   59538834,   66855299,   39560524, 1046156509,  988453992,  952778752,
     817663,     791039,     766458,     742877,     721336, 1059760512,  983184640,  921293952,  869894144,
  631485953,  636723713,  640911873,  646149633,  651386369,  656623105,  652442113,  630472193,  617922049,
  655573505,  666053121,  678629889,  690158081,  701685249,  714260993,  720569857,  717480449,  732147201,
  691191297,  709009921,  727877121,  746743297,  765610497,  785525249,  804423169,  826462721,  847420929,
  738337322,  763494949,  789702178,  815908384,  842113567,  869368352,  907146800,  934396471,  961646142,
  797013757,  829510397,  863056638,  896601857,  931195652,  964741897, 1009836827, 1043377954,    3178281,
  866170845,  907056097,  947941351,  988826606, 1031809014,          0,   37733379,   71270403,  103758848,
  945808585,  990885072, 1035960535,    4147419,   27187407,   41836725,   17668205,   19732535,   25997312,
 1012846006, 1064213948,   11414957,   23966097,   35470702,   24949041, 1054602439, 1014715478, 1005252608,
     896511,     859647,     826879,     796159,     768483, 1038821760,  984256768,  938086528,  900310016,
  596822529,  607307265,  616742401,  627227137,  637711873,  648195585,  659728897,  658704897,  644088321,
  588416513,  604144129,  619870721,  636646913,  653422081,  669148673,  685923841,  694344193,  694419969,
  592590337,  614608385,  636626433,  659693057,  682759681,  704778753,  728893953,  749904385,  770966017,
  610390529,  638700033,  668058113,  697416193,  726774273,  757180929,  787586561,  826433025,  871587329,
  641818280,  678516355,  715213407,  751911483,  788609560,  825306625,  863053313,  928126465,  973222401,
  690019223,  734056310,  778093399,  822131512,  867217177,  912303867,  957389534, 1029774042,    2164416,
  753942683,  806368384,  858795109,  912269387,  965743666, 1019218969,          0,   52424678,  104848331,
  818891181,  876557715,  934224248,  991890781, 1049557314,    3050762, 1058911394, 1043134518,    8179712,
  873337343,  936247807, 1000205823, 1064163839, 1046287871, 1012679040,  985370880,  961214592,  940209152,
  573668865,  589397505,  605126145,  619806209,  635534849,  651263489,  666992129,  681672193,  684851713,
  538009089,  557932033,  578903553,  598826497,  619799041,  639721985,  660693505,  681665025,  692191745,
  537999873,  539048449,  565262849,  591477249,  616644097,  642858497,  669072897,  695287297,  717357569,
  537988609,  537988609,  565251585,  597757441,  629215745,  661721601,  693178881,  725684737,  763494913,
  537974371,  543217182,  582015489,  620812801,  659610113,  698407425,  737205761,  774954497,  834798081,
  537958232,  570464022,  616601299,  662739600,  708876877,  755014154,  801152513,  847289857,  939655681,
  565199982,  619726894,  674253807,  728780719,  782258031,  836784943,  891310830,  944789166, 1048663704,
  624935333,  688901481,  752866605,  817880305,  881845429,  945810552, 1010825276,          0,   63966148,
  666792447,  737049087,  807306751,  877563391,  947821027,  980299136,  986545408,  990699648,  994857984,
  556794369,  576717313,  596640257,  616563201,  636486145,  656409089,  675283457,  694157825,  714080769,
  537920001,  537920001,  547357185,  571474433,  595591681,  619708929,  643826177,  666894849,  691012097,
  537920001,  537920001,  537920001,  537920001,  566231553,  595591681,  623903233,  652214785,  680526337,
  537920001,  537920001,  537920001,  537920001,  550502913,  584057345,  618660353,  651166209,  684720641,
  537920042,  537920001,  537920001,  537920001,  549454337,  590348801,  629146113,  668992001,  707789313,
  537920290,  537920193,  537920096,  537920001,  569377281,  615514625,  661651969,  706740737,  751829505,
  537919555,  537920482,  537920384,  556794655,  611320508,  665846362,  719323649,  771752449,  823132673,
  537919895,  537919797,  556794066,  621805679,  684720140,  746587048,  808452932,  868221663,  926941818,
  538889727,  538898943,  613358079,  689914325,  767519095,  844074265,  920630459,  997186653,          0,
 1063230553, 1040109835, 1020144015, 1006485936,  999133564,  994934047,  992833713,  990735420,  121575582,
  101602633,   69057979,   28143046, 1065177479, 1035815204, 1013794995,  995969084,  248420575,  230546821,
  178085345,  107816409,   42801551, 1064114472, 1024270516,  992814141,  339620114,  335378863,  272433663,
  170713577,   80535958,    8187179, 1026357430,  982320189,  360574252,  361580971,  352103935,  219981302,
  105689500,   15516974, 1019008183,  964486205,  313380145,  315441550,  316454378,  254568959,  119309729,
   13410608, 1005368504,  940361790,  225297709,  226315628,  227333544,  228352482,  123492776,    2915635,
  984388793,  910994494,  117293351,  117266764,  118289775,  118264208,  119288237, 1061968183,  957118651,
  875335742,     900385,     877875,     856386,     833870,     813399, 1044132160,  927750336,  837580864,
  959510356,  942688231,  927963252,  916383968,  915294470,  920503525,  928867480,  936187957,    5265338,
 1069525067, 1056897234, 1040077096, 1019069744,  999119098,  984418464,  971821111,  125808673,  120522926,
  104750377,   71156069,   24987986, 1054668041, 1019000999,  990678073,  227477634,  229533959,  212714872,
  152912278,   80535915,   15507733, 1035760812,  993808442,  281961681,  286118211,  290274738,  210554301,
  114066814,   30168350, 1036793008,  984357947,  269342983,  273503581,  276616623,  247227869,  128725389,
   30150949, 1025243315,  962324540,  203255080,  205323617,  208440726,  210510279,  127657371,   15455531,
 1001113781,  931904573,  107813181,  109885789,  110909817,  111934866,  112960934, 1067162932,  969644217,
  892048445,     842059,     820568,     800096,     779621,     760166, 1038837056,  931883200,  847998016,
  857883218,  847362751,  835792684,  825272213,  813704187,  815754299,  827240517,  842924063,  963742424,
  959512389,  956331954,  952099866,  946815079,  940477571,  936239208,  933055528, 1071697759,      18379,
    2077751, 1070536851, 1055812803, 1032701114, 1007497345,  985445423,  100666343,  109018192,  115274936,
   98455805,   62761227,   16585953, 1046255763, 1009530931,  178202727,  188654789,  198058273,  174951766,
  111998272,   44857597, 1058805919, 1009502262,  202261713,  210618651,  220025185,  223140254,  130832743,
   46920975, 1049340072,  991652921,  167605535,  173868368,  179084668,  184300963,  128700806,   29066526,
 1022052526,  958078010,   94160214,   97281392,   99355012,  101429651,  103505308, 1072374062,  983233717,
  912970812,     802175,     780677,     760197,     740736,     722295, 1033554240,  937077952,  860525632,
  763582977,  758315521,  753047041,  745683498,  737274481,  733052600,  727782143,  723560263,  850565633,
  852637251,  854708874,  855733970,  856757019,  857778018,  859847593,  861917169,  941740705,  950103785,
  959514418,  967878524,  976239556,  983548935,  981406751,  975067154, 1036060488, 1051762577, 1066416091,
    6275106,    8335447, 1071548521, 1052628053, 1030565921,   52438000,   71282742,   88031354,  100583608,
   80616650,   47018163,    8178809, 1045184555,  108989581,  124688583,  140389629,  156089647,  117251362,
   58490084,    3929233, 1029407794,  114157840,  124615990,  136123734,  145534321,  120338787,   39563527,
 1046167712,  991619126,   72146293,   77363589,   81534350,   86754705,   89877902,    2818341,  998943918,
  938107961,     784834,     763326,     741811,     722338,     703883, 1027240256,  943336640,  875164736,
  686024193,  686010881,  685996545,  684933633,  682825217,  669203969,  666046977,  668122625,  746799617,
  753075713,  760400385,  767725057,  774005249,  776105473,  784473603,  792840747,  814909953,  829573649,
  843188787,  857852501,  873570939,  888239782,  902899406,  917559029,  891405999,  912360146,  934362871,
  955317021,  980472649, 1001423729, 1021326232, 1043325888,  974190451, 1002484633, 1030777793, 1059071978,
   11521040,   24072229,   27181093,   23996432, 1063263292,   16759906,   40851588,   63894689,   72251565,
   52283535,   31269984,    9211938,   37674234,   55471377,   73270562,   88972589,   96283945,   42759389,
 1071373446, 1036737581,   37585305,   46994844,   55357848,   62672268,   69988729,    4938005, 1015731363,
  969567284,     803327,     777727,     754156,     731595,     711076, 1019899200,  950666432,  894020672,
  633580033,  638817793,  644055553,  648243713,  653480449,  655578625,  644071937,  613734913,  660813313,
  672341505,  683869697,  695396865,  707973633,  718460417,  719544833,  724814337,  699575809,  718443009,
  737310209,  756177409,  775043585,  794969601,  815983105,  836941313,  750916136,  777123363,  802280993,
  829534751,  855740959,  886155812,  920771124,  948020795,  812738301,  846283517,  879829759,  913374978,
  947968775,  994114328, 1026607903, 1060149030,  886089695,  926974948,  968908778, 1009794034, 1052776443,
   19915778,   54502404,   88039426,  968871116, 1013946579, 1059023066,   15667414,   38708422,   30275731,
   18700370,   22864923, 1038005689,    5139896,   17690016,   29193601,   40700250,    2904316, 1034657935,
 1009459243,     878079,     843263,     811519,     782847, 1070301632, 1010489664,  960123072,  918149184,
  602064385,  612549121,  621985281,  632468993,  642953729,  654486017,  660786689,  653487617,  595755521,
  612531713,  628258305,  645034497,  660761089,  677536257,  691179009,  695423489,  603075073,  626141697,
  648159745,  671226369,  693244417,  717360641,  739394049,  760427009,  625069569,  653379073,  682737153,
  712095233,  742501889,  771858945,  805431809,  850595329,  660691606,  696341105,  733038157,  769736234,
  807481863,  844179969,  892436993,  953302529,  712037254,  756075366,  800112455,  845199144,  890284810,
  935370476, 1002508003, 1052840653,  780156046,  832581747,  886056024,  938482750,  993005605, 1046479884,
   27260915,   78635993,  847199648,  904866181,  962532714, 1020199248,    2025778, 1067326678, 1050498156,
 1060954137,  904792575,  968750591, 1031661055, 1065192959, 1029481920,  997975360,  972767424,  949662784,
  582057473,  596737537,  612466177,  628194817,  643923457,  658603521,  674332161,  684831233,  548494849,
  568417793,  589389313,  609312257,  630284801,  650207745,  671179265,  687972865,  537999873,  551631361,
  577845761,  604061185,  630275585,  656489985,  681655809,  705793537,  537988609,  549522945,  580980225,
  613486081,  645992961,  677450241,  709956097,  743535105,  537974336,  562092545,  600889857,  639687169,
  678484481,  717281793,  756080129,  803296769,  547395383,  593532660,  639670962,  685808239,  731945516,
  778083841,  824221185,  888222209,  592463950,  646989839,  701517775,  756043663,  809521999,  864047886,
  917525198, 1006701227,  656393607,  721408331,  785373455,  849338579,  914352278,  978318426, 1042283550,
   32507874,  701396479,  771653119,  841910783,  912167423,  978226624,  983421248,  988622016,  992778304,
  567280129,  587203073,  607126017,  627048961,  645923329,  665846273,  684720641,  703595009,  537920001,
  537920001,  559940097,  584057345,  608174593,  631243265,  655360513,  678429185,  537920001,  537920001,
  537920001,  551551489,  580911617,  609223169,  637534721,  665846273,  537920001,  537920001,  537920001,
  537920001,  567280129,  600834561,  635437569,  667943425,  537920001,  537920001,  537920001,  537920001,
  570425857,  610271745,  649069057,  687866369,  537920242,  537920145,  537920048,  545260033,  592445953,
  638583297,  684720641,  729809409,  537919506,  537920433,  537920336,  584057582,  638583435,  692060712,
  745538049,  796918273,  537919846,  537919748,  589299873,  653262910,  716178394,  778044278,  837813010,
  897581741,  538894847,  574555647,  652160511,  728716710,  805271880,  881828074,  959432844, 1035988014,
   66043936,   45020373,   21904755, 1069399485, 1044217254, 1025337685, 1009605867,  999119991,  990730240,
  193936487,  179205400,  148752807,   98394587,   42809780, 1070412123, 1034760430, 1007498360,  985479168,
  304005288,  297664847,  265117143,  184357364,  100466111,   30211424, 1048381680, 1006440569,  972888064,
  360603866,  359510378,  358416889,  255641087,  143443401,   51171684, 1053614322,  998042746,  954005504,
  343812345,  344821096,  345830869,  311198207,  172790225,   61646184, 1048362228,  981257339,  928832512,
  272501000,  273515863,  274531747,  276596205,  190602714,   61635948, 1036818677,  959230075,  897368064,
  171833616,  172853571,  173874547,  174895521,  175916492,   55335281, 1016887543,  929862780,  861710336,
   59633941,   59609394,   59584844,   60609890,   60586359,   45887866,  994859260,  897349758,  820809728,
 1026620222, 1012944848, 1000317025,  986640604,  975064347,  966640909,  961371337,  957157482,  955045888,
   69229478,   62893109,   53412033,   35542317,    5095758, 1045254439, 1015873749,  992789615,  974952448,
  181383181,  179243160,  175007006,  140363122,   85804407,   27061564, 1050455262, 1010598002,  979131392,
  261031022,  264136939,  267242855,  225263021,  141350294,   60592459, 1067214053, 1012679797,  969680896,
  280913085,  286119202,  290277764,  288145886,  175928751,   75253078, 1067196650, 1002179703,  949745664,
  238935285,  243097918,  246212995,  249328068,  191634883,   74186080, 1053550830,  980146296,  920374272,
  157119772,  159190346,  161260916,  163331482,  164355516,   61586794, 1029420275,  947629178,  882615296,
   55388472,   55364944,   56389988,   57417076,   57394560,   40599927,  998998267,  908820605,  836468736,
  914501215,  907125452,  899749689,  892374948,  883949579,  881809488,  883858531,  890105922,  896359424,
 1018262246, 1017177938, 1016094655, 1016056873, 1009724542,  998145187,  983421072,  969751636,  958186496,
   48281454,   53488601,   58694724,   56558758,   39738594,    9286883, 1047339185, 1014802528,  987513856,
  140502006,  149903451,  158257343,  157171991,  117284146,   62719249,    7112904, 1032595560,  993777664,
  192870516,  203322570,  212727070,  222132590,  164424047,   85748017,   14420183, 1028372590,  980122624,
  187569371,  194878747,  202189142,  209500557,  183257502,   83617097, 1073453282, 1005280371,  950742016,
  131943721,  137160016,  141328754,  144448911,  148619687,   64713054, 1044068588,  968558710,  908780544,
   48015714,   50090356,   51116417,   52143496,   53171594,   35327348, 1004200184,  921354363,  856335360,
  807611905,  805489153,  804414997,  802292314,  798078626,  795953898,  794877745,  792753016,  791676863,
  893545004,  898762354,  903978682,  909196034,  914414412,  918581139,  922747867,  926904329,  926855168,
  982622928,  995179288, 1006687073, 1018194859, 1029702645, 1034907692, 1028572224, 1015943215, 1002268672,
    4250487,   19950528,   36698121,   52398161,   53409925,   39735448,   13475969, 1056767050, 1028418560,
   77583391,   95379554,  112128161,  128876766,  122549504,   80561384,   33334445, 1060903004, 1022076928,
  111063224,  124666091,  139318554,  151873859,  158136673,   86792481,   19648713, 1037787239,  991626240,
   93164854,  101525844,  109888876,  117204350,  123471241,   65769803, 1058742495,  993708143,  943357952,
   37524888,   40647073,   42720675,   44796319,   46871956,   26928495, 1010470133,  937052281,  881463296,
  713273857,  717453825,  720585217,  723715585,  726845953,  724747777,  722648577,  727870977,  733093377,
  775095809,  785566209,  796035585,  806505985,  816975365,  826413612,  837929557,  849443452,  860957348,
  844253759,  861014624,  878824066,  896632486,  914440907,  936453880,  953210655,  971016007,  988821358,
  919700222,  943800098,  968948552,  994095983, 1019244439, 1045442498, 1070587882,   12547076,   16703488,
 1006684099, 1037072363, 1066411028,   18860089,   42952795,   45012066,   39729237,   28153906,   14485504,
    9419917,   31411375,   52356300,   73301219,   93198581,   71135447,   34391192,    2895952, 1050390528,
   35547460,   50197846,   63801695,   76359010,   87867742,   58471724, 1071355080, 1023087714,  989506560,
   20780509,   24947162,   29114830,   33285563,   36407712,   15409511, 1016766703,  955921524,  912907264,
  641957377,  650340865,  657674753,  666057217,  674439681,  683869697,  683885057,  670309889,  675558913,
  671285761,  685959681,  701681153,  716354049,  732075521,  747796993,  760399361,  771971585,  789784065,
  713191937,  735204865,  757216769,  780278273,  802290177,  825350657,  853688833,  880953857,  905057793,
  766627474,  794930832,  825331342,  854682255,  885082768,  915482259,  958491302,  988886701, 1019283124,
  830544747,  867235694,  903926641,  941666166,  979405692, 1018193795, 1061182353,   24127384,   60815263,
  911241298,  953171034,  995101793, 1039129704,    5218413,   28260449,   32414781,   49165344,   68015104,
  979327295, 1027549510,     980301,   19823932,   37621029,   40731898,    5030047, 1057761353, 1054587904,
 1046364671,    4056575,   10314239,   16573916,   22837677, 1073472861, 1022048486,  979020909,  953827328,
  590522881,  604153345,  616734209,  630364673,  643994113,  657624577,  671254017,  674428417,  666108417,
  588407297,  607279617,  627200513,  646072833,  665994753,  685915649,  705836545,  719502849,  729022977,
  599918081,  625081857,  650245633,  676457985,  702670337,  728882689,  756143617,  784499201,  821294593,
  624007737,  656511506,  690063873,  722567681,  756119041,  789671425,  823223809,  873609729,  922929665,
  663822109,  703664890,  744557272,  784400055,  825292438,  866183798,  908124758,  981578324, 1024563770,
  719358998,  767592440,  815823835,  865103806,  913336226,  963664775, 1012944748,    4228960,   52457286,
  791666982,  846187787,  900708593,  955229398, 1010798780, 1065319585,    2022491,   21915674,   80636928,
  846114303,  906926591,  966690303, 1027503588,    3031485, 1051550029, 1027381464, 1006365792, 1010533376,
  554790401,  572616193,  590441985,  608267777,  626093569,  643919361,  661745153,  679570945,  686948865,
  538004993,  547442177,  570510849,  593579521,  616648193,  639716865,  662785537,  685854209,  701628929,
  537994753,  537994753,  563160577,  592520705,  620832257,  650192385,  679553537,  707865089,  737280513,
  537981441,  537982465,  571536897,  607188481,  641791489,  677443073,  713095681,  747698689,  796000769,
  537966298,  554744470,  596687442,  639678989,  681622017,  723566081,  766557697,  808500737,  883032577,
  542142431,  592475038,  642806620,  693139227,  742422234,  792753816,  843086422,  892369428, 1004665346,
  593501447,  653270217,  711991435,  770711629,  829432846,  888155087,  946875280, 1004547921,   19967790,
  645863935,  712974847,  780086725,  847197576,  914308428,  981420303, 1032788162, 1040080971,   19811328,
  537920001,  549454337,  571474433,  593494529,  614466049,  636486145,  658506241,  679477761,  700449281,
  537920001,  537920001,  537920001,  552600065,  579863041,  606077441,  632291841,  657457665,  683672065,
  537920001,  537920001,  537920001,  537920001,  556794369,  588251649,  618660353,  650117633,  680526337,
  537920001,  537920001,  537920001,  537920001,  547357185,  585105921,  621806081,  657457665,  694157825,
  537920162,  537920065,  537920001,  537920001,  556794369,  599785985,  642777601,  684720641,  726663681,
  537920429,  537920332,  537920235,  537920137,  587203111,  637534721,  686817793,  736100865,  784335361,
  537919717,  537919620,  537919522,  585106368,  643826525,  702546682,  759169687,  815792691,  870318593,
  538936831,  538946024,  592433546,  666891565,  735051978,  801112165,  867172352,  931136410,  994050868,
   55532667,   34510122,    9302438, 1056806332, 1033728386, 1016946978, 1004362930,  993876028,  186570944,
  166599015,  125668814,   70076880,   18691467, 1051537702, 1020080308,  995963964,  300835068,  292397473,
  227356146,  141361633,   62717331,     852265, 1026362549,  988615741,  359532834,  358439346,  314366463,
  196919792,   94161305,   13424940, 1023207606,  973927485,  343791920,  345850271,  346860031,  238847485,
  113023391,   15511855, 1012712632,  953996349,  273533232,  274548093,  275563976,  268194303,  122449316,
    9211185,  994878648,  926726206,  172867882,  173887835,  173860234,  174882231,  123487660, 1070360885,
  970754233,  894213182,   59621667,   59597119,   59573591,   60598637,   60575104, 1052525883,  942434493,
  856458302, 1019258759, 1006629913,  992954532,  980327685,  969803036,  963480816,  959263900,  956101686,
   66062318,   58677373,   46049534,   20841800, 1062044994, 1030563074, 1004331172,  983346232,  180313171,
  179222749,  161354065,  114130303,   55383391,     837904, 1029477545,  993815609,  263107757,  266213673,
  259882396,  184354218,  100446581,   24934682, 1037848750,  990655547,  284040431,  288198995,  292357557,
  231511502,  123492742,   32256290, 1032590513,  974913595,  241017114,  244131168,  248294820,  251409892,
  129763732,   23851304, 1014751412,  948687932,  158155059,  160225631,  162296200,  163319212,  123453858,
    6011183,  985378998,  913025085,   55376196,   56401242,   56378732,   57405818,   57384324, 1053524281,
  950763708,  870023229,  910288533,  903961346,  895538031,  888163289,  882880563,  882834529,  886981720,
  893231140, 1017196316, 1016112008, 1016076277, 1012890712, 1004459159,  990782624,  976061558,  963443756,
   50360227,   56615951,   59724920,   50246858,   26085610, 1065183439, 1030545547, 1000109105,  144677929,
  154080397,  163482865,  140373292,   91049256,   34391280, 1055675546, 1011612725,  198097055,  207500532,
  217954630,  202191228,  124560725,   49034503, 1056693412, 1002149944,  190699771,  199058745,  206369138,
  212631974,  131863927,   39566615, 1037793451,  976961593,  134027581,  139243874,  142364033,  146533788,
  120296852,   15421734, 1003167920,  937096251,   49053036,   50079099,   51105157,   53181833,   53161353,
 1053488438,  961204410,  886748220,  806551041,  804428289,  803354168,  800184958,  797015750,  794891021,
  793814868,  792738716,  895629903,  900846230,  906063582,  911282983,  916498288,  920665015,  925880318,
  926879753,  988901108, 1000408893, 1012965254, 1024473040, 1033879572, 1032790075, 1023306812, 1009630234,
   11576220,   27276261,   44023853,   54477934,   49194132,   28178578, 1072516201, 1042067494,   87005249,
  103753858,  121551040,  137251068,  102603000,   57471182,    9198727, 1040964655,  118388946,  131991811,
  145595695,  158152021,  122463557,   51122422, 1064015002, 1013657652,   97344838,  105707873,  113022326,
  120337796,  110875005,   23811351, 1023078566,  966435896,   38561182,   41683363,   43757986,   45833626,
   47911309, 1052423474,  971663543,  905587770,  715363841,  718495233,  721626625,  725805569,  726842881,
  719513089,  725784065,  731006465,  780330497,  790800897,  801271297,  811740673,  822215191,  832696897,
  844210792,  855724688,  852634191,  870443633,  888252052,  906061497,  925974242,  944832267,  962637619,
  979394395,  932273936,  956373813,  981522267, 1006670723, 1033918382, 1056966614,    8370174,   15673349,
 1022402519, 1051741184,    7338023,   31430731,   42932319,   43943007,   34465862,   20794394,   19891359,
   41883838,   62828760,   83774701,   90034416,   50140343,   18643062, 1062988840,   42872142,   56475995,
   70079842,   81588577,   92049752,   26992892, 1043025042, 1005247537,   22863325,   27030997,   31199685,
   35370414,   38494609, 1051385132,  985295026,  929694774,  646148609,  653483521,  661865985,  670248449,
  678629889,  684922369,  679711233,  669274625,  678622721,  694344193,  709018113,  724739585,  740461057,
  754094593,  764620289,  780353025,  723673601,  745686529,  768747009,  790759937,  813820417,  838990337,
  868377089,  892481025,  780254865,  810655375,  840007310,  870406799,  899758737,  938563228,  974213801,
 1004609200,  848365420,  885056367,  922796915,  960536441,  998275967, 1043362702,    6308756,   41947035,
  932206678,  974136413, 1018164324, 1060094059,   17789033,   24040521,   40790063,   58590224, 1003438403,
 1051660617,   10402117,   28198193,   45995286,   22880462, 1061971054, 1054601252, 1073621503,    7184895,
   13443569,   19705286,   24920467, 1046187298, 1000009898,  959081520,  597861889,  610443777,  624073217,
  636655105,  650284545,  663915009,  674409985,  672358913,  597843457,  616715777,  636636673,  655510017,
  675430913,  695351809,  713189889,  724779521,  612499969,  637663745,  663876097,  690088449,  716300801,
  742513153,  769791489,  801317377,  640783909,  673287681,  705791489,  739342849,  772895233,  806447617,
  846312961,  904057345,  683744011,  723586793,  764479175,  805370534,  846262918,  887154278,  943802963,
 1003595335,  743475207,  791707625,  839940045,  889220016,  938499988,  987780985, 1052807021,   28343123,
  818927897,  873448702,  927969508,  982490313, 1038059694,    6244488, 1071543341,   49178635,  876520959,
  937333247,  997096945, 1057909206, 1065210247, 1038940435, 1015824540,  995859492,  563179009,  581004801,
  598830593,  617704961,  635530753,  653356545,  671182337,  683780609,  538004993,  558976513,  582045185,
  605113857,  628182529,  651251201,  674319873,  694261249,  537994753,  548480513,  577840641,  607200769,
  635512321,  664873473,  693185025,  722567681,  537981441,  553711105,  589362689,  623965697,  659617281,
  695268865,  729872897,  769746433,  537966264,  575715956,  617658928,  660650497,  702594561,  744537601,
  787529217,  842089985,  567309246,  617640829,  667972412,  717256442,  767588025,  817920631,  867203637,
  942744070,  623910120,  682631338,  741351532,  800072749,  858793967,  917515184,  976235377, 1063299916,
  679419391,  746530275,  813642150,  880753002,  947864878, 1014975729, 1036957831, 1044254734,  537920001,
  559940097,  581960193,  603980289,  626000385,  646971905,  668992001,  689963521,  537920001,  537920001,
  540017153,  566231553,  592445953,  618660353,  644874753,  671089153,  537920001,  537920001,  537920001,
  541065729,  572523009,  603980289,  634388993,  664797697,  537920001,  537920001,  537920001,  537920001,
  566231553,  602931713,  639631873,  676332033,  537920113,  537920016,  537920001,  537920001,  578814465,
  621806081,  663749121,  705692161,  537920380,  537920284,  537920186,  562037336,  612368897,  661651969,
  710935041,  760218113,  537919669,  537919571,  555746289,  614466447,  673186604,  730858184,  787481189,
  843055617,  538941951,  555728313,  630187356,  701497596,  768606360,  834666547,  899679181,  962593639,
 1020308356, 1001383977,  982461641,  967736639,  961410399,  960339251,  962420955,  965556337,  967646208,
   70260699,   57628797,   40804629,   15596919, 1059949950, 1031620929, 1009590498,  992804980,  979168256,
  190808114,  183421136,  165550430,  121473447,   63779224,   10289485, 1039982823, 1006424182,  979156992,
  286190723,  285098260,  279811490,  208478672,  122477996,   44875094, 1056746731, 1007460471,  969709568,
  323906756,  325964093,  326972854,  275561971,  161256891,   63734109, 1059879150,  999060600,  950825984,
  292424944,  294487371,  297598371,  299661817,  185356745,   70012259, 1052527857,  981224570,  924602368,
  214812940,  215831881,  217899396,  219966907,  195826135,   64756074, 1034690803,  955000954,  891039744,
  113088798,  113062211,  114086245,  115110275,  116134302,   51112307, 1010563320,  920389755,  851185664,
     880940,     858429,     836939,     815445,     794972,     774496,  982241536,  883680384,  805041152,
  914484883,  901862163,  888189843,  873469966,  866087027,  867090596,  877533333,  890081367,  901586944,
 1025589002, 1018209160, 1010828295, 1003446397,  992917709,  979244252,  967673009,  959255649,  951891968,
   61902722,   61863935,   59725947,   49197285,   23988505, 1064139016, 1029505221, 1001171048,  977035264,
  164615161,  167721073,  171877608,  152962368,  103640404,   45936935, 1065128148, 1020020846,  983306240,
  229574761,  236878034,  243133754,  234708367,  156032385,   75266366,    3943646, 1020000370,  973851648,
  234767556,  242074902,  248333669,  253544880,  183262628,   82579790, 1072421094, 1004252277,  950766592,
  185441544,  189607231,  193772914,  196891041,  190574018,   73119069, 1051430124,  975924343,  916149248,
  101520696,  102544728,  104617331,  106690953,  107717019,   51078509, 1019955444,  936064121,  872096768,
     830813,     809321,     787824,     768370,     748912,     729450,  982190336,  892009600,  818607104,
  812848641,  805477889,  797059674,  788641459,  779174667,  770755425,  763384760,  760203268,  777975808,
  907171389,  906092182,  905012976,  903934795,  901805987,  900726778,  900680745,  901681192,  903732224,
 1003590355, 1009851180, 1015063431, 1020274658, 1023384628, 1017050214, 1004421226,  988648515,  973929472,
   28364650,   38817732,   50319390,   57625715,   50245807,   27132093, 1068325018, 1034732630, 1005340672,
  111139842,  124740694,  138340520,  151940344,  123586836,   75310331,   21795002, 1047271522, 1006352384,
  151967886,  164520146,  177073427,  188578127,  164427107,   88891686,   20703440, 1034651755,  986397696,
  139319552,  147679535,  156040536,  163353980,  170668442,   78363976, 1068195038, 1002115185,  948622336,
   82638168,   86806896,   89929090,   93051278,   96174485,   50015588, 1030415598,  954902645,  898267136,
     801179,     778656,     758174,     737686,     719241,     700790,  983202048,  902450304,  836380672,
  723769857,  720605697,  717440513,  715323905,  710063617,  698524161,  697451009,  696377912,  695304815,
  795026945,  799201793,  803375617,  807549461,  811725386,  814856835,  820075194,  824246002,  829464362,
  872572461,  884086368,  895599253,  907112139,  919677700,  930140989,  941650805,  952113068,  964672484,
  954309343,  973162261,  990965580, 1009818501, 1028671423, 1047522295, 1053776920, 1049539609, 1041106944,
 1045485460, 1068530637,   16781318,   37727292,   50278504,   46045305,   30272617,    7160894, 1057796096,
   42976333,   62871679,   82767021,  102663383,  117314810,   78470361,   38582433, 1072440405, 1037805568,
   70158580,   85858582,  100512051,  113068360,  125625688,   76303650,   11252932, 1034632292,  993712128,
   53301630,   60615052,   66880915,   73147794,   78368138,   44784982, 1040901348,  975863918,  931803136,
     801260,     776678,     754136,     733634,     713127, 1069192576,  983184640,  913959040,  857319424,
  656667137,  658755073,  660844033,  662930945,  665018881,  665013761,  651401729,  637791745,  644065793,
  696477185,  705904129,  715331073,  724758017,  734183937,  742568449,  742595073,  753068545,  764586497,
  747816449,  763533825,  780299777,  797065729,  813830657,  831653377,  850536961,  868346391,  886154798,
  808588897,  831645296,  855750272,  879855250,  903959205,  933318335,  959522522,  983623410, 1006675721,
  877744941,  909189952,  939585364,  971029354, 1002473345, 1038116766, 1068508085,   25158604,   55550948,
  962633730,  998268954, 1033904178, 1070587978,   24085594,   34535509,   41841734,   42855463,   43871232,
 1037015262,    3101941,   24044799,   44988676,   63836418,   58556641,   19710099, 1072444491, 1056684032,
   10378670,   21881261,   32337316,   42795410,   52205946,   33297728, 1050373331, 1001054305,  976910336,
     847359,     817663,     788991,     763387,     739788, 1049287040,  984240384,  929686656,  883524608,
  612584961,  619922945,  627259905,  634596865,  642982401,  650318337,  654517761,  646164993,  614793729,
  618853889,  632482305,  647158273,  660786689,  675462657,  689090049,  701680129,  703821313,  700756481,
  638749185,  659716609,  679635457,  700602881,  721570305,  742537729,  763517441,  784544257,  808687105,
  672271873,  699529729,  726788609,  755095041,  783401473,  811707905,  843177473,  886217217,  916616705,
  717322961,  752969406,  787567276,  823213723,  858860171,  894505596,  941707896,  988905080, 1025594991,
  777050041,  818986923,  861973406,  906007442,  948993927,  993027964, 1048609661,   16801652,   59784042,
  853553332,  902827178,  952101024, 1000327319, 1048552589,   12541049,   11446331,   43933723,   81670144,
  915343794,  969861544, 1024378269,    2006417,   15604065,   15565087, 1056748726, 1028392008, 1039903744,
  976086527, 1036895743,     882175,     845311,     812541, 1026269568,  984283392,  948595840,  918155264,
  584198657,  596781569,  610413057,  622994945,  636626433,  649208321,  662839809,  671239681,  666042881,
  561118721,  579992065,  597817857,  616691201,  634516993,  653390337,  672264705,  686958081,  693305857,
  550617601,  574734849,  598851073,  622968321,  647084545,  672250369,  696366593,  719452673,  741540353,
  553745921,  584153601,  614561281,  644969985,  676426241,  706834945,  738291201,  771867137,  814940673,
  570500740,  608249422,  645997080,  683744769,  721493505,  759241217,  798037505,  845251073,  920846849,
  605078390,  650166085,  695254803,  741391073,  786478768,  832616063,  877703758,  944847405, 1017238038,
  658525316,  712002647,  765478953,  820004860,  873482191,  928007074,  982532981, 1058053981,   39884594,
  721388969,  782205310,  844069202,  904885543,  965701883, 1026517200, 1060046985, 1057898525,   60718080,
  769540607,  836648447,  903756287,  970864127, 1012788735,  998054272,  985424128,  974898304,  964376576,
  565232129,  583057921,  600883713,  618710529,  635487745,  653313537,  671139329,  688965121,  700514817,
  537966081,  540063233,  562083329,  585152001,  607172097,  629192193,  651213313,  673233409,  691077633,
  537960961,  537961985,  537961985,  563127809,  590390785,  617653761,  644917761,  672180737,  697369089,
  537955841,  537955841,  537956865,  554734081,  587239937,  620794369,  653301249,  686855681,  720437761,
  537948741,  537949697,  537949697,  562067969,  601913857,  641759745,  680558081,  719355393,  765526529,
  537940796,  537941738,  543184536,  590371397,  636508673,  682647041,  728784385,  773874177,  836829697,
  537930840,  537930759,  586167222,  640694117,  695219987,  748698305,  802175598,  855653915,  939590145,
  537919905,  591398226,  656409858,  720373938,  783289441,  846204944,  908071870,  968890220, 1067498299,
  562994687,  636401151,  709807615,  783214074,  857670061,  931076448,  986640640, 1009672320, 1030610944,
 1010846679,  991922299,  974049548,  963523930,  960349520,  961379594,  963464360,  966600761,   63943724,
   50265292,   29247825,     901510, 1045260646, 1020080404, 1000149164,  985461818,  187638913,  178154781,
  146655630,   93149609,   35460471, 1060958492, 1022154927,  991742011,  286168268,  284027229,  247288261,
  165476806,   81579397,   12367138, 1030530226,  987536444,  324935937,  326992250,  328001010,  217884126,
  109873552,   22838567, 1027373236,  973894716,  293456158,  296567159,  298629583,  252467698,  124538265,
   21777707, 1014779062,  950816829,  215846187,  216865127,  218933664,  221001174,  126621090,    9182511,
  992748727,  920398909,  113075505,  114098516,  115122548,  116146577,  116122026, 1064038710,  963379386,
  883690558,     869685,     848197,     826705,     805209,     784734, 1042007360,  929815744,  841739328,
  908173011,  894501715,  880830418,  869254213,  866064531,  871262372,  883806330,  896357421, 1021375305,
 1013995464, 1007662149,  998182060,  985556189,  973981900,  963463308,  955049010,   61883328,   60793917,
   55510196,   38690056,    7191832, 1046296811, 1014812825,  988577845,  166691893,  169799853,  167662877,
  130921811,   75311428,   17612033, 1041000610, 1001139255,  232702110,  240006406,  247309677,  196942224,
  115123556,   38555921, 1047269545,  995876921,  238945518,  245204286,  251463051,  237800897,  130823549,
   38531356, 1036763310,  975936571,  187524388,  191690073,  195856778,  198974903,  128699794,   22782246,
 1011580082,  944463932,  101508425,  103581030,  105654655,  107728274,  108754338, 1069241649,  975912119,
  902507580,     819556,     798061,     777586,     758130,     738670, 1036718400,  935003328,  853211200,
  808638977,  801268270,  792850054,  783384287,  774965046,  767594381,  759174115,  768564231,  907156073,
  906076867,  904997661,  902870903,  900742095,  900704279,  901704750,  902706200, 1006720767, 1011933018,
 1017144245, 1023403022, 1021267026, 1011784814,  997058651,  981287972,   33591191,   44045297,   55546955,
   56557718,   40786108,   11381937, 1050479739, 1018987564,  118464556,  132064383,  144616656,  142483726,
  100496654,   48027871, 1070354576, 1026286642,  158244017,  170797299,  183350578,  194855276,  127707465,
   53224702, 1062975647, 1009475638,  143499545,  151860549,  159172971,  166487436,  125564279,   35358997,
 1033581736,  973795384,   84722021,   87843194,   92013961,   95137170,   98261398,     722218,  990561458,
  924487738,     789918,     768416,     747931,     728464,     710016, 1030395200,  940205248,  867843136,
  721663489,  719547905,  716382721,  713216513,  704817665,  698511873,  697438748,  696365651,  797114881,
  801288705,  805462529,  810683951,  811722343,  816941727,  822160086,  827379470,  877805127,  889318011,
  900830896,  912343782,  924909345,  936420185,  946882449,  959440840,  963736314,  982588208, 1000392552,
 1019244449, 1038097371, 1051699212, 1052706844, 1045322767, 1057007537,    6309866,   27254817,   48199766,
   50260084,   39732341,   18716758, 1068300320,   53447782,   73343126,   93239491,  112087275,   99465454,
   58525889,   17591421, 1053549611,   78532870,   93185317,  106790206,  119346513,  110928201,   42728693,
 1058763925, 1012598834,   56434054,   63747472,   70014355,   76282255,   81502596,    3874078, 1007333546,
  952783927,     788970,     765408,     743886,     723381,     703895, 1024090432,  947522752,  884589632,
  657711617,  659799553,  661887489,  663975425,  666062337,  660824577,  635700737,  640929281,  700666369,
  710093313,  719520257,  728947201,  738373121,  743624193,  746786305,  759351809,  755151361,  771917313,
  788683265,  805448193,  822213121,  841101825,  858917387,  876725795,  820117096,  844222072,  867278473,
  891383452,  916535984,  947996366,  971048678,  995149565,  893467446,  923862858,  955307871,  986751862,
 1019244429, 1053836201,    9438145,   40879064,  980451342, 1016086566, 1051721790,   11514963,   37704800,
   38713423,   42872888,   43887636, 1057978602,   13573371,   34516226,   54412547,   73261310,   39656636,
    9205872, 1064039462,   15605167,   27108777,   37565852,   48024967,   56387947,    3915018, 1025189019,
  987409456,     831999,     803327,     775679,     751076,     728499, 1014666560,  954865856,  905556032,
  615729665,  623066625,  631452161,  638789121,  646126081,  654511617,  652433921,  633616897,  626191873,
  639820289,  653448705,  668124673,  681752065,  696429057,  703793665,  701766145,  649232897,  669151745,
  690119169,  711086593,  732054017,  754070017,  774024705,  796108289,  685900289,  713159169,  740417025,
  768724481,  797030913,  825337345,  865224193,  901941761,  735145671,  769743541,  805389987,  841036435,
  876682884,  913377909,  970034813, 1006725748,  798018482,  841004964,  883990424,  928025484,  971010945,
 1016094584, 1069576056,   38816623,  877666479,  927988901,  976214171, 1024439442, 1072665736,   16714847,
   27164715,   61753357,  942602669,  997120418, 1051637144,    9329018,   21879112, 1072501995, 1043093632,
 1032573987, 1006491135, 1067299327,     863743,     828927, 1050411456, 1004226880,  966439104,  932850752,
  590490113,  604121601,  616703489,  629286401,  642916865,  655499777,  669131265,  670209537,  570554881,
  588380673,  607255041,  625079809,  643954177,  662827521,  681700865,  691174913,  562151937,  586268161,
  611433985,  635550209,  659667457,  684832257,  708949505,  731014657,  568424961,  598833665,  629241345,
  660698625,  691106305,  722562561,  754019841,  791823873,  589375081,  627122739,  664871425,  702619137,
  740366849,  779164161,  816911873,  879895041,  628147037,  673234732,  718322426,  763411145,  809547415,
  855684710,  900772406,  993121835,  684739694,  739264576,  792741907,  846219238,  900744120,  955270028,
 1008746335,   11574087,  751796627,  812612968,  874477885,  935293201,  996109542, 1056925882, 1058971732,
   19814412,  803094015,  870201855,  937309695, 1004417535, 1005419968,  991738176,  980160704,  969636928,
  573620737,  591446529,  609272321,  627099137,  644924929,  662750721,  679527937,  697353729,  537966081,
  550548993,  573617665,  595637761,  617657857,  640727553,  662747649,  684767745,  537960961,  537961985,
  548447745,  576759297,  604022273,  631286273,  658549249,  685812225,  537955841,  537955841,  537956865,
  571511297,  604017153,  637572609,  670078465,  702584321,  537949723,  537949697,  542144001,  581990913,
  621836801,  660634113,  700481025,  739278337,  537941779,  537941697,  566254190,  613440027,  659578369,
  705715713,  751854081,  796942849,  537930800,  557855711,  613430158,  667957052,  722483946,  775961239,
  829439557,  881868289,  558891385,  623904042,  687868122,  751832201,  814746681,  876614631,  938481557,
 1000347459,  599697919,  673104383,  746510847,  819918292,  894373254,  967779641,  998156480, 1020141632,
    8413103, 1066377299, 1049552112, 1030634844, 1012777328,  999125306,  988627167,  980229235,  974980096,
  132106246,  121573543,  103701818,   71156112,   27090316, 1059923271, 1026359525, 1001187445,  980210688,
  244266076,  240025845,  224253313,  167597501,   95225250,   29154642, 1050461417, 1008515190,  976006144,
  313436326,  314443053,  315448755,  244116962,  144488884,   56401242, 1059885293, 1004309624,  961315840,
  315504860,  317564231,  320673199,  302813695,  175927747,   67921249, 1057775856,  990666873,  938237952,
  257812735,  259877195,  261942676,  264008154,  191640016,   67907943, 1045182706,  968637562,  908869632,
  165522710,  166543686,  168614260,  169635230,  170658245,   58458478, 1023151349,  938219643,  871112704,
   57509157,   57484608,   58509655,   58487147,   59513211,   43766136,  996926716,  902558845,  828113920,
  970036942,  959511374,  948985805,  940555335,  931075233,  926836930,  926796964,  927813724,  929885184,
    7399238,    3166147, 1072671809, 1065289907, 1048469749, 1025361139, 1002258620,  983358565,  967609344,
  115356606,  117413945,  119472308,  103700756,   68008248,   20787481, 1050462413, 1012692075,  982267904,
  203385907,  209639589,  214845718,  195932521,  134029676,   63746356,     810202, 1022107760,  980151296,
  240034970,  247340280,  254645588,  260903341,  172792211,   81543495,    3932387, 1013698675,  963357696,
  215870697,  221082926,  226295150,  231508395,  189539763,   79421782, 1062973673,  991661174,  935030784,
  145577250,  148696397,  151815540,  154936725,  157008307,   63671653, 1036740848,  957042808,  895171584,
   52223308,   53249377,   54275442,   55301501,   55281028,   38485366, 1002121466,  915085436,  845876224,
  860009985,  855785035,  850511525,  846288639,  841015127,  835741614,  832562178,  838803479,  849240064,
  955381384,  957447905,  959513403,  962629527,  963646447,  962558003,  958316619,  951979062,  944596992,
 1052848926, 1061205880, 1069563859,    4176940,    3089524, 1063155860, 1041090692, 1015883853,  993828864,
   72375223,   85974031,   98525286,  108978361,   91110629,   55415007,   12382380, 1044147293, 1009515520,
  138370123,  151970968,  165571810,  178124073,  148725054,   85770515,   23869638, 1044106343,  998995968,
  151934155,  163439877,  173895994,  183305578,  173838723,   86773048,   10199256, 1021003886,  969606144,
  115171631,  121436499,  126653808,  131871111,  137090457,   65761622, 1051401446,  980081779,  924492800,
   43815292,   45888906,   46914961,   48990611,   50018703,   31124850, 1007332599,  928675962,  867848192,
  758350337,  759379457,  759360001,  760388097,  760370689,  757214758,  758238813,  760311445,  762385100,
  832752129,  841120264,  848438843,  856806000,  865177254,  872498912,  880863000,  888179535,  896543623,
  912392838,  928100026,  942758640,  957416231,  974175074,  988831642, 1003487186, 1014993922, 1013900288,
  997274426, 1019272049, 1041270697, 1063268322,    8374296,   14629948,   10394692, 1070460973, 1054691328,
   11557873,   34597928,   55542877,   75439246,   87991476,   68024493,   38620297,    7121995, 1051468800,
   62859428,   80656591,   98454773,  115205397,  130908465,   81580289,   28061877, 1056680030, 1017853952,
   66971965,   78478677,   88937831,   98349425,  107762037,   63689022, 1065044181, 1007343722,  964329472,
   30196152,   33316284,   36437432,   39560620,   42684826,   21689708, 1013614834,  946483319,  896133120,
  674475521,  680757761,  685991425,  692272641,  698553857,  701694465,  695425537,  695430657,  704850433,
  720574977,  733146625,  746767873,  759339521,  772959745,  785538561,  796044801,  810707457,  825370113,
  777155073,  797065739,  816977434,  836888105,  857847355,  880912976,  905030253,  925984388,  946939548,
  842118854,  869369559,  896619241,  923869949,  952168210,  986769200, 1014015816, 1041262431, 1067459446,
  915468182,  950057899,  984647618, 1020285913, 1055924211,   14668808,   36663314,   52363279,   62818304,
  999300208, 1039129736,    3119263,   27209900,   50252980,   53361826,   36540529,   24969276,   16547840,
 1073681740,   17734997,   34482519,   50182480,   63787331,   51168533,    2887863, 1039892567, 1018892288,
    9282047,   15542780,   20755943,   25972170,   30140839,    8089954, 1019926763,  967466097,  931788800,
  613623297,  624105985,  635637249,  646118913,  656601601,  668132865,  676526593,  672372225,  651493889,
  627229185,  644003329,  661825025,  678598145,  696419841,  714241537,  731026945,  741561857,  754196993,
  653413889,  677527041,  701640193,  725752321,  750914049,  775026177,  801250817,  833818113,  863176193,
  693225059,  724677198,  755080761,  787581478,  819034644,  851535363,  890345985,  937560577,  971105793,
  745614147,  784406322,  823197475,  861989652,  901830407,  941670138,  999361278, 1039199990,    5294828,
  811628595,  858809384,  905990173,  953169940, 1001398283, 1049627651,   24114171,   69193713,  115321832,
  884972851,  936344873,  987715871, 1039086869,    7271682,   26116313,    5089409,    1906741,   24956928,
  945715711, 1003378175, 1061041663,    6144497,   13449653, 1063029077, 1025232096,  991636583,  979024896,
  571610625,  587338241,  602018305,  617746945,  633474561,  649203201,  665979393,  677526017,  677577217,
  554820097,  575790593,  596762113,  617732609,  639752705,  660723201,  682743297,  701633025,  714277377,
  550609409,  577871361,  605134337,  632396289,  659659265,  686921217,  715231745,  743562753,  774046209,
  560026132,  593580545,  628182529,  661736961,  696338945,  730940929,  765543937,  805413377,  864223745,
  586217210,  627110598,  668005010,  709946975,  751889964,  793831937,  835773953,  891379201,  970092033,
  629181434,  678463434,  727746458,  777028459,  827360060,  876642061,  926972638, 1005654728, 1065431716,
  693113111,  750783724,  809503937,  868223126,  926942315,  985662528, 1044381718,   30408683,   88079296,
  745465343,  809426431,  873388514,  937350582, 1001312650, 1039038788, 1029549262, 1022162006, 1047308288,
  540064257,  559988225,  579911169,  599834113,  619757057,  639680001,  659602945,  679525889,  694223361,
  537964033,  537964033,  547401217,  572567041,  596684289,  621851137,  645968385,  671134209,  692126209,
  537958913,  537958913,  537958913,  556834305,  587243009,  617651713,  647011841,  677421569,  705757697,
  537952769,  537952769,  537953793,  556828161,  592479745,  629180929,  664832513,  700484097,  740360705,
  537944765,  537945706,  537945622,  573598209,  616589825,  659582465,  701525505,  743469569,  796983809,
  537936837,  537936756,  561006370,  612386512,  662719101,  712003114,  762334721,  811618817,  884015617,
  537925878,  556800166,  616569942,  676339717,  735060916,  792733538,  850406160,  908077758, 1006699149,
  545213951,  615474677,  686783912,  757044570,  827305229,  898614464,  968875123, 1039135782,   35655641,
          0, 1057964196, 1040092464, 1021180273, 1005426012,  992826640,  984427690,  977080378,  126839895,
  114210037,   90048880,   49121689,    6110575, 1042092312, 1012724910,  989649979,  242146472,  237906241,
  199069098,  131933625,   60617086,    1888543, 1028439217,  990687291,  314464489,  315470192,  291314141,
  193777107,   98347403,   18651429, 1030524083,  982288444,  316535058,  319643003,  321703395,  236748264,
  119302548,   23881001, 1022124213,  963403837,  258844966,  260909424,  262974903,  265041404,  126628253,
   16528685, 1004288182,  937180221,  166557998,  167578974,  168599945,  169622962,  124516776,     788786,
  978064568,  903617597,   57496883,   58521932,   58498401,   58475891,   59501954, 1053547834,  946597052,
  862714942,  964774670,  954248078,  943721484,  935291002,  928955578,  926816441,  926779524,  928848944,
    5282692,          0, 1069505661, 1057928412, 1036914940, 1013809373,  991759507,  974958643,  116385787,
  118443126,  113159401,   87950639,   44921136, 1071446263, 1030528158,  996955190,  206513260,  212766941,
  217972046,  167601523,   98362710,   30180617, 1046232230, 1000080440,  244211913,  251517222,  257773953,
  221041066,  125594993,   40640791, 1044113580,  987479098,  219001100,  224213326,  229425549,  233591239,
  131858824,   32229664, 1025219760,  961248315,  147661112,  150780257,  153900421,  155972005,  122397084,
   10189099,  993746099,  924533820,   52212055,   53237098,   54264184,   55291265,   56319366, 1053503800,
  955982011,  877334589,  857897503,  853672568,  848399058,  843127595,  837854082,  832579545,  834634770,
  844021776,  956414644,  958481166,  960546665,  962613187,  964675606,  960438341,  955147334,  947762206,
 1057026891, 1065384870,          0,    5207124, 1071566986, 1052647570, 1028486252, 1004331048,   78650339,
   92249146,  104800401,  101617876,   75359464,   34421962, 1064086663, 1025257519,  144646258,  159295677,
  171847942,  174960963,  117247277,   54294768, 1069285528, 1019977780,  158211304,  168667424,  178075987,
  187485569,  129780065,   45863177, 1050375332,  993731639,  118304066,  124568930,  129786236,  135005585,
  117155210,   19612959, 1012594860,  950713401,   44851588,   45877646,   47953299,   50028946,   51057035,
 1053478197,  966430905,  895116347,  758341121,  759370241,  760398337,  761426433,  757221897,  757202498,
  759275129,  761348785,  836936193,  844254753,  852622933,  860990090,  868315844,  876680956,  883996467,
  892361579,  920771232,  935428821,  950087436,  964746051,  981503870,  995110838, 1010815982, 1014971397,
 1008797525, 1029747597, 1051745222,          0,   12551213,   13561924,    4080700, 1063099417,   23076877,
   45070403,   66015350,   85911718,   77483187,   54370463,   22870124, 1065116710,   72282298,   90080482,
  106830086,  123580708,  109914399,   53247195,    4974731, 1035694127,   73250122,   83708255,   94168429,
  102531444,  102505837,   25921803, 1033571486,  984262709,   32279995,   35401147,   38523315,   40597924,
   43723151, 1052425519,  977950901,  917112888,  677617153,  682849793,  689132033,  695413249,  700644865,
  700652033,  691244545,  699615745,  726861313,  739432961,  753053185,  765624833,  779245057,  790790657,
  803375617,  818039297,  786586117,  806497810,  827457057,  847367730,  868326980,  894552673,  915506808,
  936461968,  855744206,  882994912,  910244595,  938542856,  966842141, 1000392508, 1027639123, 1053836139,
  933286817,  967876534, 1002466253, 1038104550,          0,   26190862,   45037586,   57590793, 1019214972,
 1057995924,   14640294,   38731952,   61775030,   40754311,   30230616,   20758558,    9361746,   26108247,
   41808212,   57509195,   71115066,   25979112, 1053540483, 1028342828,   12412415,   18673139,   23888346,
   28055993,   32226706, 1049305383,  992647342,  944383027,  618864129,  630395393,  640878081,  651360769,
  662891009,  673373697,  675492353,  665070081,  635615745,  653438465,  670211585,  688033281,  705854977,
  723676673,  736288257,  744753665,  665994753,  690107905,  714220033,  738333185,  762446337,  787607041,
  817003009,  848501249,  708950616,  739355203,  770807344,  803308061,  834760203,  867260929,  918687233,
  954333697,  764485434,  803277610,  843118363,  881909517,  921750272,  962639604, 1020329723, 1059117809,
  834695213,  881874978,  929055768,  977284111, 1025513479,          0,   46129142,   92257260,  911183150,
  962554148, 1013926170, 1065297168,   16693486,   15601838, 1067272273,   12382233,  975070719, 1031685631,
    3016191,   10321363,   11334031, 1043080475, 1007384740,  976938026,  578950657,  594678273,  610406913,
  626134529,  641863169,  657590785,  673319425,  678595073,  565305857,  586276353,  607247873,  628218369,
  650238465,  671208961,  693228033,  707949057,  564240897,  591502849,  618764801,  646027777,  673289729,
  701601281,  728863233,  758273537,  576803329,  611405313,  644959745,  679561729,  714164737,  748766721,
  783368705,  831665665,  606140128,  648082092,  688976505,  730918469,  772860434,  814803457,  856745473,
  934416897,  653298658,  703629234,  752911235,  802194259,  851476260,  901807861,  952138438, 1039218361,
  722472194,  780143830,  838863019,  897583232,  956302421, 1015022635,          0,   58719189,  777970175,
  841932280,  905893324,  969855392, 1033817460, 1033768201, 1025330322, 1017947162,  550551041,  570473985,
  590396929,  610319873,  630242817,  650165761,  670088705,  688964097,  537964033,  537964033,  559984129,
  584101377,  609267201,  634434049,  658551297,  683717121,  537958913,  537958913,  541104641,  571514369,
  601923073,  632331777,  662740481,  692101633,  537952769,  537952769,  537953793,  574653953,  610305537,
  647006721,  682658305,  718309889,  537945747,  537945664,  551578113,  595618305,  637561345,  680553985,
  722497025,  764441089,  537936796,  537937739,  586172153,  637553319,  687884884,  737168897,  786451969,
  835736065,  537925838,  587209854,  646978606,  705700828,  764422027,  822093625,  879766247,  936390292,
  580868607,  651129294,  721389953,  792699188,  862959847,  933220506, 1004529741,          0,
