          0, 1062187078, 1059020938, 1054810297, 1050605768, 1046405300, 1043256453, 1040109638, 1036961792,
  140501997,  118461493,   96422010,   74385583,   51305669,   27181238,    4109450, 1055829065, 1038001152,
  266323931,  233798690,  201274472,  167703716,  125747393,   80651449,   35558542, 1068402764, 1032749056,
  340768714,  310340617,  278865996,  247390352,  200190141,  133072058,   63861905,    1992783, 1022255104,
  349156283,  328167406,  304030759,  278847589,  252614823,  184445116,   91116693,    6178898, 1007567872,
  300921776,  287273939,  272576510,  255780913,  237936748,  217994414,  116274328,    7220308,  989733888,
  215987112,  208632763,  200227799,  191821821,  180268077,  168714343,  139335835,    6164566,  967706624,
  112179106,  109019048,  105857975,  101647312,   97435635,   92172322,   85860446,    3011672,  943583232,
    1031069,    1017752,    1002396,     987050,     969667,     950248,     928795,     906334,  915265536,
  966814668,  975182856,  984600643,  992971889, 1000297605, 1007626367, 1012857954, 1018090549, 1022275584,
   19940292,          0,    8369211,    5205103, 1073688714, 1064238216, 1053740138, 1042194490, 1032747008,
  136321980,  120577016,  104831029,   91181164,   71240845,   45012111,   15638642, 1061056575, 1035879424,
  228586420,  209695726,  187658281,  169817188,  140439694,   96383124,   47084665, 1072578628, 1030624256,
  272612269,  253723615,  234833940,  215944267,  197053573,  146705562,   75385983,    7214151, 1020127232,
  256868265,  244273102,  229578744,  214883367,  200189020,  183395476,  101590148,   10349643, 1004388352,
  193939368,  186587069,  178186202,  168735742,  159283242,  148782172,  123601033,   10340430,  984455168,
  103749543,  100592559,   96385983,   92179415,   87971832,   82713634,   77454422,    6136912,  960329728,
     978855,     968612,     957353,     945078,     931790,     917487,     901148,     884821,  933057536,
  869320605,  889227213,  909133821,  929039398,  948948030,  965711939,  979330104,  991898656, 1003418624,
  975216541,  983589837,  995107839, 1008721964, 1018142793, 1023369298, 1026498629, 1026481192, 1026465792,
    5272478,    5258191,          0,   12564529,   12547155,    5188702, 1066328145, 1051628591, 1037979648,
  102777758,   95423440,   90165249,   87004212,   77548635,   56556649,   27173979, 1069438005, 1040058368,
  176158624,  164611021,  153063420,  143610924,  136256605,  104778867,   57569380,    7215163, 1033750528,
  197103523,  185557959,  175060975,  164560922,  154062919,  144612470,   83771501,   12443711, 1021153280,
  162471848,  156170176,  147771356,  140420094,  132019236,  123618383,  105778292,   12431427, 1003314176,
   91141037,   87987128,   84832201,   80627680,   76423165,   72217633,   66962508,    9273415,  980233216,
     940978,     932786,     924600,     915397,     906202,     895991,     884765,     872523,  951910400,
  770774898,  803266454,  835759034,  867204058,  894457844,  919613445,  941623306,  963632137,  982494208,
  861989754,  887142303,  912294853,  937447400,  960503815,  980412440,  995078171, 1007644690, 1019160576,
  954253186,  971017129,  988830671, 1007691766, 1024453655, 1034922026, 1040144427, 1041171484, 1041150976,
 1048613770, 1056990130, 1066414042,          0,   12564517,   12544058,    4131898, 1065265188, 1050560512,
   63984531,   63971258,   65007586,   67090442,   70222898,   59715657,   36619334,    6182955, 1049489408,
  117431197,  113225664,  109020132,  105861129,  102703150,  100593748,   62817361,   13503538, 1040031744,
  119488425,  114236354,  108984286,  104779772,   99525660,   95320126,   83772508,   15583287, 1024284672,
   74358708,   71205826,   68051924,   64898025,   61743106,   58588192,   55433281,   10324028, 1001199616,
     921535,     915394,     909257,     903126,     895976,     887808,     879646,     871489,  972872704,
  677463883,  721493858,  764475258,  806408079,  845197216,  877702065,  909154233,  937460672,  964718536,
  756095834,  793834355,  831572876,  868262821,  902856636,  933262289,  959469534,  983580650, 1007690746,
  837873514,  868272004,  898671519,  930118586,  960517077,  986725358, 1009782786, 1028640774, 1043301376,
  922796922,  945855381,  968914866,  993021903, 1017129964, 1039136775, 1052747795, 1059015696, 1062137856,
 1010865033, 1026584487, 1042302918, 1059070949,          0,   12562459,   11489315,    4120601, 1067347968,
   23092120,   28322744,   34600919,   40880116,   47158289,   53437485,   38729778,   14580769, 1062076416,
   60797867,   60787653,   61824991,   61814776,   62851089,   62839851,   59679809,   16654377, 1047370752,
   49212349,   48155598,   47098848,   46042099,   44983303,   43926557,   42867765,   11388976, 1024279552,
     926670,     921556,     915421,     909289,     903160,     896011,     888864,     881719,  994897920,
  593578792,  646000433,  698422075,  749796164,  796975947,  842059599,  877726560,  916519779,  955311973,
  659628862,  706807625,  753986389,  801166178,  846247790,  886089589,  922798985,  958444432,  993042328,
  728824660,  770760545,  812696431,  854633343,  894472078,  932215707,  968919984, 1001418685, 1033917386,
  802213739,  837859194,  873503626,  909149083,  944794540,  978341823, 1012943831, 1043344361, 1072696314,
  879798146,  909151124,  938505126,  967859129,  997212108, 1026566114, 1055920124,    2080773,   14640128,
  961575833,  984638381, 1007699907, 1031811033, 1053825007,          0,   12558352,   14628879,   12503040,
 1053846446, 1068517320,    5248991,   13623284,   19899398,   27226134,   32452643,   17741848, 1072577536,
   17806280,   18842588,   20928494,   23013374,   24049677,   26135579,   28220456,   10371105, 1048427520,
     966625,     958443,     950262,     941056,     932876,     924695,     915491,     906286, 1016940544,
  537988872,  579927811,  638644991,  697361147,  753981175,  807455473,  858833642,  898723589,  951148291,
  572583717,  627106594,  682677024,  737199903,  790673181,  841001755,  889234201,  935406389,  983635766,
  628151105,  678478657,  728807233,  780183362,  829463364,  876646214,  921731912,  972088163, 1017171816,
  687911775,  734045025,  780179299,  826312551,  871398251,  914386800,  957374327, 1007722385, 1049659289,
  753963901,  794854273,  835745671,  876636045,  916478867,  956321691,  996163494, 1042309054,    7356362,
  824209307,  859857826,  896553899,  932202420,  965753789, 1000353736, 1037049814,    2104299,   35651578,
  900747194,  930103236,  960508880,  990914525, 1020271593, 1048579062,          0,   16751622,   26166272,
  990925784, 1011890151, 1032855542, 1053819909,    1042451,    6266904,   11491354,    7272466,     953344,
 1068503033,    1039368,    1022995,    1007644,     992290,     977958,     962599,     948262, 1039000576,
  537959149,  537958106,  587239112,  652249782,  716211877,  778076821,  838893189,  899708534,  949080738,
  537955086,  555779838,  617643758,  678460127,  739276496,  799044291,  857763510,  915434153,  975277780,
  537951025,  593524514,  651194133,  709913352,  766535421,  823157490,  878730983,  934303454, 1002522374,
  580938580,  635462472,  691035966,  744512307,  799037226,  852513570,  904940314,  957368084, 1027670840,
  633362296,  684741488,  735072103,  785402720,  835733337,  885014355,  934296399,  983578444, 1051769707,
  692078494,  738214808,  785398675,  831534990,  876622730,  921710470,  966798214, 1012934535,      30622,
  757085124,  799027137,  839920575,  881862589,  921707452,  961552315, 1002445758, 1043338179,   18887635,
  828383212,  865082347,  900732908,  936383469,  972034031, 1006636019, 1041238009,          0,   28297216,
  914367509,  941627415,  968886298,  997194781, 1023405089, 1049615399,    1034285,    1008672, 1061083136,
  537920212,  537920180,  541065877,  611320438,  681575002,  751829567,  822084134,  892338702,  963641857,
  537920250,  537920220,  557843135,  624951971,  693109385,  761266800,  828375640,  896533057,  964690475,
  537920289,  537920262,  578814700,  643826386,  708838073,  773849762,  838861451,  903873142,  969933409,
  537920330,  543163186,  606077722,  668992259,  730858220,  792724182,  853541569,  915407533,  978322073,
  537920373,  578814815,  638583626,  698352437,  757072672,  814744333,  873464570,  931136231,  988807893,
  565183393,  620757901,  677380987,  732955496,  787481430,  842007365,  896533301,  950010661, 1003488021,
  618660814,  670041022,  721421229,  772801437,  824181646,  873464704,  922747762,  972030822, 1021313882,
  679478270,  726664176,  772801505,  818938836,  865076167,  910164924,  954205106,  998245291, 1043334053,
  748683312,  789577763,  830472215,  871366668,  912261122,  952108026,  990905333, 1030751219,          0,
 1063246882, 1061128297, 1056915621, 1052707013, 1048505538, 1045354655, 1041158247, 1039060003,  130006033,
  107965529,   85928087,   62845118,   39767234,   15644835, 1066315883, 1046390821,  249537534,  217012293,
  186585225,  147773623,  103723202,   57579687,   13536367, 1049527335,  325030889,  294603819,  263128174,
  230604975,  166630593,   98466986,   32402547, 1047421993,  338661332,  315574282,  291439686,  265206918,
  230586560,  137256109,   47074422, 1042170922,  294622144,  280974311,  265227287,  247383118,  228489356,
  174997680,   60698745, 1033775147,  212834224,  204430280,  196024297,  186568724,  175016009,  162412679,
   71177339, 1021185068,  111123364,  107963310,  103752642,   99540960,   94278665,   89016383,   82703489,
 1006497837,    1023898,    1010585,     995234,     977845,     960468,     940032,     918587, 1005440064,
  969951210,  980416550,  988786780,  997159038, 1004485765, 1010765939, 1015998541, 1020183579,   15737825,
   10475549,    7311447,    3099776, 1069487244, 1058989180, 1047442516, 1036946462,  128973786,  112179222,
   98530386,   83831937,   58650770,   30324868,     951387, 1047418913,  219141073,  198152203,  178213958,
  159323262,  119459990,   72257675,   22960225, 1051600931,  263167942,  244279289,  225388591,  206498920,
  179219609,  111044753,   40775782, 1049492517,  250570683,  236925922,  222230543,  207536193,  191792248,
  148784278,   54397034, 1042142247,  190787506,  182386635,  173985771,  164533267,  154033218,  142483576,
   65922158, 1031647272,  102695850,   98489270,   94282698,   90075111,   85866508,   80608315,   74300532,
 1016957994,     973732,     962470,     951215,     938945,     924637,     909316,     892983, 1020094528,
  878749621,  899704805,  919610387,  939518004,  957330499,  973045823,  986662958,  998182929,  979402677,
  988824549, 1001390103, 1013956669, 1021280336, 1025458253, 1026490424, 1026472981,    5265334,    5250024,
   10476570,   13604933,    9392220, 1072628827, 1058977858, 1045327897,   98576311,   93319145,   89108506,
   84898890,   68101221,   42913894,   11435083, 1054747676,  169861046,  158313444,  148860948,  139409477,
  124714095,   81698928,   32392274, 1056828447,  191855541,  180308955,  169810948,  159311920,  149861470,
  118386809,   47059033, 1052620833,  159321011,  151970765,  144620524,  136219664,  127818809,  120466534,
   58580063, 1043170339,   90088370,   85884864,   82729940,   78525422,   74319887,   70114358,   64859236,
 1029526565,     936881,     928692,     920510,     911310,     901095,     889865,     878643, 1035807808,
  787544964,  820036520,  851480523,  880830441,  908085246,  931142665,  953152522,  973063173,  874565517,
  899718066,  924870615,  948976633,  969933841,  988793883, 1001361432, 1012878346,  962635669,  979399612,
  997212131, 1016073224, 1030736930, 1038057517, 1041182757, 1041161231, 1052801950, 1061178310, 1071650798,
    9427989,   13603890,    9387068, 1072617521, 1057912852,   63978406,   63965134,   66049014,   69180446,
   68116545,   49216586,   21924923, 1064181783,  115328942,  111122386,  106916854,  103757851,  101648448,
   84852824,   38684740, 1063113754,  116338613,  112135120,  106882028,  102676491,   97423405,   93217873,
   50201677, 1055756317,   72257467,   70153163,   66999262,   63845365,   60690448,   57535536,   54379604,
 1041059872,     918464,     912325,     906191,     899038,     891891,     883726,     875567, 1052584000,
  699478871,  743508846,  786490245,  826326936,  860928939,  893427638,  922782653,  951090116,  774965095,
  812703616,  849393561,  886084529,  918585289,  946889688,  972049380,  996160498,  852548471,  883995537,
  914395053,  945842120,  975195107,  999303161, 1020260357, 1035970564,  934326151,  957384612,  981492672,
 1005599710, 1029708796, 1046467599, 1056930836, 1061101578, 1018200984, 1034967990, 1050687445, 1068503029,
    9426961,   12550177,    9377825, 1072605198,   25183144,   31461319,   37740518,   44018691,   50297887,
   48181299,   27180076,     932882,   60792760,   60782546,   61819883,   61808645,   62845982,   63882296,
   38690871, 1068358678,   49208262,   48151511,   46046185,   44989437,   43930642,   42872873,   41814081,
 1053656089,     923601,     918489,     912355,     906225,     899073,     892949,     885803, 1070424128,
  619789100,  672210742,  723584832,  773910344,  820042574,  857804637,  897647457,  936440676,  682694467,
  729873231,  778100571,  824230760,  867217266,  904976261,  941670284,  975218580,  749792091,  791729000,
  833664887,  874552198,  913343381,  951097258,  985693111, 1017143235,  820036467,  855681922,  891326355,
  926971812,  961567669,  997219278, 1028668384, 1058020337,  894475147,  923828125,  953182128,  982536131,
 1011889111, 1042293744, 1068493827,    8360964,  973107107,  996168632, 1020279758, 1043342308, 1065356282,
    8375308,   14642193,   13565961, 1061182395,    1061844,    9436138,   16761853,   24087566,   31413278,
   25097248,    8288270,   17800146,   19885029,   21970934,   23007237,   25092116,   27178017,   29261870,
 1066269714,     962534,     954352,     946171,     936966,     928785,     919581,     911401,     901172,
  549521158,  609285889,  668003069,  725670649,  781242100,  833668846,  876687098,  924935940,  599845667,
  654367521,  709937951,  763412254,  815837980,  865117978,  911284014,  959520565,  653314881,  703642433,
  755019586,  804298563,  853578565,  899712839,  949022560,  995154789,  710978400,  757112674,  803245925,
  848331625,  893416302,  936404851,  986754957, 1028690837,  773884799,  815823748,  856715146,  896557968,
  936399767,  976242592, 1023437752, 1062227908,  842034079,  877681575,  914378672,  948977593,  983577538,
 1018177486, 1059072996,   17828851,  915425215,  945830858,  976235478, 1005592547, 1033901039, 1063258110,
   10470406,   21983236, 1001407456, 1022372847, 1043338237, 1064301580,    3130390,    8354841,   13579290,
    4112394,    1047553,    1031182,    1015832,    1000479,     985124,     969767,     955431,     940069,
  537958115,  554734289,  619744959,  683706030,  747668125,  808484493,  869300862,  922820232,  537954054,
  586187510,  648052454,  708868823,  769684170,  828403388,  886074031,  943789760,  564164393,  621835036,
  680554255,  738224898,  794845943,  851468012,  907041507,  970002171,  608200526,  662725443,  718298936,
  771774255,  825250598,  878726942,  931154711, 1000407863,  658528116,  709906283,  760236900,  810567517,
  859849558,  909131601,  958413646, 1027655531,  715146139,  761282453,  808467344,  853555084,  898642824,
  943730566,  989865862, 1051754397,  778055618,  818949056,  860891070,  901784508,  941629371,  981474236,
 1023416256,      15313,  847257579,  882908139,  918558700,  954209262,  988811248, 1024461813, 1059062781,
   15721473,  927996950,  955256857,  982516764, 1010824223, 1037034532, 1062196266,    1020967,     996375,
  537920196,  537920164,  576717445,  646972008,  717226572,  787481139,  857735706,  927990275,  537920235,
  537920206,  591397553,  659554966,  726663804,  794821220,  861930060,  930087478,  537920276,  546308857,
  611320543,  676332230,  741343917,  806355606,  871367296,  936378987,  537920318,  574620454,  637534990,
  699400951,  761266913,  823132876,  884998839,  946864803,  549454698,  609223508,  667943743,  727712555,
  786432791,  844104451,  901776112,  960496350,  593494935,  649069444,  704643953,  760218463,  814744398,
  869270333,  922747692,  977273629,  643826630,  696255413,  747635621,  797967253,  849347463,  898630521,
  947913580,  997196640,  702546935,  749732840,  795870170,  842007501,  887096257,  932185015,  976225198,
 1021313960,  768606250,  810549277,  851443730,  892338183,  932185086,  970982391, 1010828276, 1050674164,
   67106805,   54501438,   40850562,   28251316,   14608582, 1073664181, 1061078151, 1048493128, 1038006272,
  207606756,  179275820,  150944882,  121568425,   89051331,   54440120,   19833996, 1062115403, 1035899904,
  310362066,  277836822,  245312603,  213837982,  163493055,  106861753,   50234512, 1072592974, 1028550656,
  353350594,  327118844,  298787899,  269410428,  236887227,  158234811,   77489299,    4085840, 1015959552,
  331330485,  313487328,  294594579,  273604684,  251566219,  209606845,  103695510,    7223379,  999175168,
  262124460,  251623366,  241120234,  227470359,  213820492,  198072459,  127805594,    7216213,  979245056,
  165656485,  160398257,  155140038,  148831205,  141472783,  133064772,  123607172,    5111895,  956169216,
   57654175,   55542688,   54478761,   52365244,   50250714,   47085572,   44967995,   15588456,  929948672,
 1030772680, 1030753283, 1033880639, 1035959408, 1036993672, 1035931779, 1033823334, 1030667320, 1028559872,
   80752576,   68153340,   56600632,   49242222,   36642956,   17754251, 1071559790, 1052674109, 1034838016,
  186648504,  168806388,  149914671,  133121130,  105840782,   71221394,   31361142, 1067341889, 1033776128,
  257939376,  238001127,  217013279,  198123609,  175038607,  121543831,   61759612,    4074565, 1026423808,
  272605099,  255813590,  239021062,  221180986,  204388466,  170817692,   89012354,    9306185, 1012782080,
  230646696,  220148677,  208601065,  197051411,  184454211,  170807417,  113120391,   10345548,  994946048,
  150941607,  145686454,  140431308,  133079018,  126772240,  118369343,  109964406,    8238159,  972916736,
   53412775,   51304361,   50244532,   48135110,   46024674,   42863624,   40751160,   21860452,  946693120,
  921744285,  936408012,  952120318,  969928745,  983544900,  995064906, 1003438142, 1010762788, 1017038848,
 1027639198, 1031819214, 1038093312, 1047514159, 1052739663, 1051673688, 1046413387, 1040103468, 1033795584,
   55599006,   51389392,   50325506,   51357747,   45047895,   31396964,   10403927, 1062106162, 1040067584,
  143664031,  135261135,  125809663,  119502897,  110049375,   80667758,   42896480,    1979448, 1037953024,
  193972129,  182425547,  170878966,  160378916,  149878868,  128891000,   71194729,   10353725, 1028500480,
  185554853,  177156036,  167707622,  158258188,  148808758,  139358308,   95298673,   13486145, 1012757504,
  131000235,  125748156,  119447507,  114194415,  107890705,  101588024,   94235750,   11376709,  991773696,
   48137135,   46031797,   43926464,   42868690,   40761323,   37604363,   35495988,   28143711,  966595584,
  816906102,  845204379,  874551231,  901800929,  928006142,  950012942,  969923603,  986686477, 1002399744,
  908120958,  929080228,  950038474,  972045295,  991953935, 1008715809, 1019184163, 1025456151, 1031728128,
 1001432966, 1014003629, 1026574293, 1042289660, 1055904798, 1061128242, 1060057139, 1054790688, 1047428096,
   23100302,   26232758,   30414815,   37739527,   42967084,   36654145,   20899904, 1073642536, 1051597824,
   95427480,   94367677,   92258276,   90146827,   90133553,   82777168,   50242636,   10367023, 1046332416,
  124751779,  120547265,  115294178,  110039043,  105833510,  102676555,   74343511,   15592500, 1032682496,
  101642159,   97439682,   93236185,   89033715,   84829200,   80624688,   76419155,   13477946, 1013790720,
   39736250,   38681538,   36577230,   35521503,   33417205,   32359440,   30253103,   28146772,  987559936,
  716256083,  757140331,  798023555,  837860250,  874551214,  906006465,  934311884,  960521173,  985680865,
  796985186,  830529404,  865122198,  899714992,  932211657,  960518112,  985675761, 1007687680, 1028642816,
  879811442,  907064205,  934316968,  961569733,  988823521, 1013981180, 1032838155, 1045400587, 1054816256,
  966830977,  985696158, 1005608892, 1025522650, 1046483960, 1063244817, 1069513756, 1069487125, 1066314752,
 1060147087, 1071670192,    7353296,   17825775,   28298252,   33524773,   26158123,   10398749, 1066285056,
   47189921,   50323391,   53457884,   55542776,   58676243,   61809710,   50252858,   16665637, 1055771648,
   60772276,   59714506,   58656736,   58647542,   57587725,   56528933,   56517694,   14545964, 1036873728,
   29262790,   28208081,   27152351,   26096622,   25039872,   25031700,   23974954,   22918211, 1010636800,
  626079539,  676404029,  725679944,  774956883,  822136668,  864074594,  900787060,  937482105,  974177151,
  694226761,  738259797,  782292834,  827375472,  871408511,  909152136,  945859485,  980456359, 1012955057,
  765519712,  803261294,  843100029,  881891213,  919632797,  955279277,  990931908, 1022381011, 1053831138,
  841005942,  873505671,  906004376,  938504106,  971003836, 1002453968, 1034955753, 1063259134,   10468352,
  919637901,  946894752,  973103028,  999310281, 1025518557, 1051726836, 1073731591,    9403402,   14619648,
 1011911587, 1030776763, 1048593363, 1066409962,    7336958,   17807375,   23029786,   16709652,    6193152,
    8398779,   13627346,   17808359,   21989370,   26170379,   30351386,   34532392,   14579741, 1061025792,
   13581269,   14619620,   14609394,   14598144,   15637517,   15627289,   16664614,   16653362, 1033732096,
  545324822,  602992402,  660661007,  717280013,  771802890,  824228614,  873509633,  917589789,  966867741,
  599843635,  652268337,  705741616,  758167345,  809543473,  858823473,  904958768,  954271564, 1000403791,
  657507152,  705737553,  753968978,  802199381,  849382232,  895516507,  939553631,  989905786, 1033939841,
  720413550,  763401073,  807438197,  850425721,  893414271,  935354246,  976244622, 1025540007, 1065378738,
  788561804,  827356050,  865101721,  903894944,  940592040,  978337713, 1016082366, 1059077077,   20979682,
  861953962,  894456755,  928007101,  961558473,  993012691, 1024466910, 1058017263,   17822720,   34579456,
  953185224,  977296342, 1002455012, 1026566130, 1049626624, 1073737741,    9414673,   13584396,   14607360,
 1029713897, 1047533560, 1065352199,    2083860,    4163612,    6244384,    8324130,   10404897, 1057896448,
  537957118,  537956076,  601917146,  664830666,  726695611,  787511980,  847279773,  907047567,  962703035,
  537953055,  573603600,  633370369,  693138163,  752905958,  810576602,  868247246,  924869316,  988900077,
  557871938,  613444405,  670066473,  726688542,  782262035,  836786954,  891311873,  945835769, 1015097119,
  607149926,  659577692,  712005458,  764433226,  816860993,  868240186,  918569781,  969948976, 1040244561,
  661671819,  710953860,  759187325,  807419767,  855653233,  902838125,  950023018,  998256489, 1063295877,
  723532721,  767571884,  811611049,  855650214,  898640802,  940582817,  984621985, 1027612581,    9458617,
  791686104,  830482390,  870327253,  908074965,  945822677,  983569367, 1021317083, 1060113378,   27267054,
  879774720,  910179330,  941632517,  972038151, 1001394187, 1030750223, 1060105236,    3125264,    8342528,
  537920231,  537920200,  548405930,  617611917,  686817905,  756023895,  825229887,  894435880,  963641873,
  537920270,  537920241,  567280341,  634389179,  700449441,  766509704,  833618545,  899678811,  966787654,
  537920310,  537920284,  591397635,  655360746,  719323858,  782238396,  846201510,  909116049,  973079165,
  537920351,  559940424,  621806386,  682623771,  743441158,  803209969,  862978781,  922747593,  983564983,
  541066122,  599786358,  657458018,  715129678,  771752763,  828375849,  883950359,  940573445,  996147956,
  590349239,  644875173,  698352532,  751829890,  805307250,  857736034,  909116243,  960496453, 1011876663,
  648020966,  697304022,  746587079,  794821560,  844104618,  891290525,  938476434,  984613768, 1031799679,
  713031703,  757071881,  801113084,  845153264,  888144868,  930087898,  972030931, 1013973967, 1055917004,
   59755546,   48200801,   34550942,   20905153,    7265474, 1067370657, 1054785641, 1043249188,  193965064,
  164585552,  136256656,  105833658,   71220418,   36612261,    4103277, 1048483878,  294624244,  261050425,
  229574782,  189713587,  135176385,   77498536,   22969457, 1049523240,  339709918,  312428571,  284098651,
  255769758,  199133377,  117337259,   39738484, 1045320745,  322932682,  305090552,  284099630,  263109739,
  240022701,  156126382,   54411383, 1037973547,  256873400,  246372311,  234820607,  221169712,  206471275,
  189673645,   65937530, 1027479596,  163552170,  158293947,  151986133,  144628729,  137268264,  127811682,
   75367549, 1013841965,   56598431,   54486947,   53423025,   51308489,   49192941,   46026782,   42859613,
  998106158, 1029714917, 1031792673, 1034920026, 1037000831, 1036986505, 1034878071, 1032769617, 1029613597,
   74452958,   61851674,   53445717,   43990145,   27197583,    8309888, 1062116440, 1043231775,  178251734,
  158311441,  141517902,  121577599,   89055380,   51291271,   12480606, 1050558498,  248495051,  227507203,
  207568956,  188678262,  149863575,   92175502,   32392291, 1050547236,  264209344,  247417838,  230625312,
  212785238,  194943119,  129915027,   48110696, 1046341670,  225397686,  214898646,  203351037,  190752810,
  177107037,  163460246,   60683372, 1037942823,  148838318,  143583168,  137279450,  129926140,  122570790,
  114166873,   70111344, 1025350697,   52358055,   51298222,   49189820,   47079379,   44968947,   41806878,
   38645844, 1008565290,  929076148,  943739877,  960499733,  977261625,  989829194,  999252038, 1007625267,
 1013900307, 1029729206, 1033908199, 1043328024, 1051699265, 1052731478, 1049568340, 1043258429, 1036949527,
   53494711,   50333673,   51365915,   49251399,   38747233,   20900961, 1072601159, 1050561562,  138414007,
  130011111,  122655768,  116350026,   96407658,   62830699,   22962255, 1056836637,  187674549,  176127968,
  164579341,  155128892,  145677420,  100567156,   40773718, 1055772704,  181355444,  171907028,  162458617,
  153009185,  143558733,  134109308,   53343324, 1048419362,  127850419,  122597319,  117345248,  111042559,
  104738852,   98436174,   62768226, 1036872740,   47084465,   44979130,   42872776,   41815006,   39707642,
   36550687,   34441291, 1020083238,  830531464,  859877293,  888175569,  915428337,  939533320,  961541138,
  978305041,  995067912,  918600593,  939558839,  961565661,  982523905, 1001383962, 1013949476, 1022320671,
 1028592653, 1007718298, 1020288961, 1033907176, 1050670094, 1059041322, 1061116981, 1057948716, 1050585105,
   24142754,   28323787,   34601971,   40879131,   40859705,   29301828,   10400822, 1062095893,   94372778,
   93312977,   91202551,   90140702,   91176005,   67034193,   30305344, 1065221145,  122649522,  117396433,
  112143346,  107936789,  104778808,  100573278,   44968009, 1059958812,   99540920,   95338445,   91134949,
   86930433,   82726943,   78522433,   53339217, 1049456671,   38684605,   37628872,   36574166,   34468841,
   32363522,   31305759,   29200449, 1032663073,  737222495,  778105719,  817941391,  856729508,  890280890,
  920683463,  947940304,  973101019,  813757295,  847301512,  881894307,  916487101,  946890710,  973096936,
  997207033, 1019213825,  893437823,  919642010,  947943350,  975197139, 1002451952, 1023410181, 1040167949,
 1050632199,  976263056,  995128237, 1016089547, 1036003305, 1056962567, 1067428888, 1070549018, 1068425228,
 1065383840,    2116544,   11541472,   23062525,   32486426,   31414314,   18802726,    1994768,   49280944,
   52414413,   54500330,   57633797,   60767264,   63899708,   33460274, 1072565268,   60768191,   59710421,
   58651627,   57592834,   57582617,   56523826,   41825341, 1062055960,   28211148,   27155416,   27149286,
   26093559,   25035786,   23979039,   22922294, 1044207643,  651241272,  700518210,  750842701,  799071064,
  843105120,  880867186,  919659383,  956354428,  716243791,  760276827,  805358441,  849391480,  890279812,
  928036760,  963682210,  996180908,  784389991,  823181173,  861971333,  900762517,  937455525,  974158780,
 1006656459, 1038106587,  856731519,  889230223,  921729953,  954229683,  986728390, 1020280799, 1049631732,
    1041409,  933266327,  959474602,  986730431, 1012938707, 1038098408, 1064304641,    5221386,   12535814,
 1021343663, 1039160263, 1058026463,    1052661,   12571655,   23042071,   20918297,   12499979,   10488775,
   15717341,   19898353,   24079363,   28260370,   32441377,   28228647,     931856,   13576157,   14614507,
   14604281,   15642630,   15632403,   16669728,   16659500, 1055768596,  574682900,  631302929,  688970510,
  744541964,  798016264,  849393412,  893461268,  941703965,  626055986,  678480689,  731954992,  784379697,
  833659697,  881891120,  930155336,  977337166,  681622352,  729852753,  778084179,  826315606,  872448857,
  917534557,  968937335, 1011922813,  742431599,  785420147,  829456247,  872444796,  914383746,  956323722,
 1005620130, 1045459884,  807435151,  846228373,  885022620,  922768292,  959464364,  997210039, 1041255374,
    3157979,  877680559,  911231928,  944782275,  977285070, 1007690712, 1040193510,    2100218,   26201089,
  964716495,  989875165, 1013986283, 1038097401, 1062206470,    5230608,   11499534,   14620679, 1038099440,
 1055918080, 1073737743,    3124248,    5203998,    7284769,    9364514, 1065250828,  537956084,  570460899,
  633374418,  696286914,  758151859,  817919653,  877687446,  933304996,  543194904,  604011272,  663779066,
  723546861,  781216480,  838887124,  896557769,  956371677,  585133884,  641755951,  698378019,  754999064,
  809523982,  864048901,  918573821,  984680217,  633364321,  685792087,  738218830,  790646597,  842025790,
  893404983,  944784178, 1014033234,  685788039,  735070080,  783303546,  831537012,  878721903,  925906795,
  974140265, 1040229252,  745552814,  789591978,  833631143,  877669284,  919611297,  962601889, 1006641059,
 1063280567,  811608023,  850404309,  889200597,  926948309,  964696022, 1002443736, 1040191454,    9443307,
  895501313,  925905924,  956310534,  986716169, 1016072205, 1046476817,    1041432,    1010692,  537920215,
  537920185,  583008923,  652214911,  721420900,  790626891,  859832883,  929038876,  537920255,  537920227,
  600834760,  667943598,  734003860,  800064125,  866124390,  933233232,  537920297,  559940367,  623903478,
  687866590,  750781127,  814744241,  877658779,  941621895,  537920340,  591397693,  652215078,  713032465,
  772801276,  833618663,  893387475,  953156288,  570426240,  628097900,  685769560,  743441221,  800064306,
  856687392,  912261902,  967836413,  617612206,  672138140,  725615499,  779092858,  831521642,  882901851,
  934282060,  986710846,  672138206,  721421263,  770704320,  819987377,  867173284,  914359191,  961545101,
 1007682436,  735051792,  779091971,  823133174,  866124778,  909116383,  951059414,  993002449, 1034945486,
 1015036900, 1019209767, 1022335078, 1023366293, 1025451175, 1027538074, 1028579444, 1029621822, 1029616640,
   80745432,   67094554,   52396123,   39794831,   26150056,    9361568, 1065269371, 1049533506, 1035895808,
  202371020,  177186829,  154100814,  129966216,   99542184,   62829732,   25071745, 1064203334, 1033788416,
  286248895,  261066748,  234833979,  209651834,  170838182,  115250344,   56519814,     937034, 1026438144,
  313503668,  293565415,  271527966,  248442969,  225357975,  165573803,   83773578,    6170701, 1013846016,
  280989613,  267343824,  252648443,  236903469,  220109924,  201218210,  108931215,    9308240,  997059584,
  206534568,  198132668,  190778329,  181325822,  170822699,  159271010,  131991698,    8250450,  976079872,
  107962276,  104804268,  101645243,   97435603,   93225974,   87965730,   81655898,    4048980,  951954432,
    1003426,     991134,     977826,     964528,     949192,     932843,     914460,     895066,  923635712,
  917543860,  932205546,  946867231,  961529931,  975147106,  986668129,  997140558, 1005515819, 1012844544,
 1033924528, 1033909220, 1039133724, 1044358222, 1046439018, 1044326510, 1040117848, 1034859570, 1029603328,
   70273965,   61869027,   56608795,   52397135,   42941553,   25099383,    4110434, 1056864312, 1036926976,
  165682089,  153083871,  139436053,  128933964,  108993653,   76468352,   37652587, 1071530045, 1035863040,
  226482086,  210739158,  194995208,  181349436,  166655089,  125741191,   67000434,    7213121, 1026412544,
  229605286,  217011147,  204414964,  190769185,  178173010,  164527238,   93203577,   11395141, 1012768768,
  180300712,  171900863,  164549595,  155100158,  146698279,  137247830,  115212415,   11383881,  993883136,
   98491306,   95336372,   91131844,   86926300,   82719739,   77463586,   72207441,    7179340,  969755648,
     957356,     948139,     938928,     928702,     917459,     905203,     891932,     877648,  942482432,
  820047751,  846246833,  872446939,  897598465,  921702426,  943710244,  961522722,  978286613,  994000896,
  917555083,  935366582,  953177057,  972036106,  989846568, 1002414133, 1010786353, 1017060382, 1022285824,
 1016109968, 1023436732, 1033908200, 1047523347, 1055894581, 1056924740, 1053758527, 1047446566, 1039037440,
   39874452,   39861185,   40895470,   46123035,   45056064,   34549842,   16699467, 1067349037, 1045306368,
  120595353,  115339204,  110083055,  105874459,  103764040,   82771038,   47092822,    7221299, 1042141184,
  159362976,  150963140,  143611882,  136258577,  128906299,  123650150,   73292895,   13496377, 1030589440,
  142550952,  136249281,  129948637,  123646973,  117344288,  109992007,   95298665,   14529598, 1013796864,
   83795889,   80641981,   77488078,   73285604,   70129664,   65925153,   61720647,   10320962,  990714880,
     928696,     921529,     914368,     907213,     899041,     890875,     880669,     870470,  962390016,
  723596126,  762381180,  800117658,  836806580,  869306316,  898659292,  924867558,  947931120,  970993659,
  808519530,  839964553,  871410600,  902856647,  931159011,  956316664,  977276933,  997186566, 1013947392,
  895540086,  918597526,  943751095,  968905688,  993012728, 1012920334, 1026534423, 1035951121, 1042222080,
  984657794, 1001423779, 1017141190, 1034955753, 1053815818, 1063234593, 1065309223, 1062137883, 1055821824,
    6326156,   12605361,   18883541,   28308472,   36682779,   36662322,   24052789,    5148707, 1057891328,
   71308186,   72345532,   72333277,   73370623,   75454496,   77538369,   51296322,   14564394, 1050526720,
   91189162,   89082819,   85926878,   83819514,   81711127,   79602741,   72249423,   15592496, 1034776576,
   62830521,   60726216,   58620890,   56516590,   53361669,   51255327,   49148987,   11378742, 1012737024,
     920518,     914379,     909267,     903135,     897008,     889861,     882719,     874556,  984407040,
  633425721,  682700617,  730925914,  777055081,  821088118,  856745863,  893440909,  926990225,  959491990,
  706815820,  749798238,  791733104,  834715523,  875602838,  909159337,  941659059,  971013053, 1000366025,
  782302047,  818994034,  855684999,  892376989,  928020402,  960524233,  989876186, 1017132010, 1042290682,
  861982578,  891334536,  921735070,  951087029,  981487565, 1010841575, 1037046782, 1055900677, 1068462080,
  944808837,  967869341,  990929846, 1013990351, 1037050857, 1061157891, 1072670737,    3097615,    4118528,
 1037078423, 1051748275, 1066418128,    5247978,   17816578,   28289049,   26166306,   14602264, 1073632256,
   26218412,   30400454,   34582495,   37716982,   41897996,   46080033,   46064690,   16671777, 1058922496,
   34552771,   34543573,   34534374,   34525176,   34513930,   35552284,   35542062,   11402281, 1035826176,
     941015,     934879,     928745,     922612,     914434,     907281,     900129,     891955, 1006441472,
  555823896,  611393306,  668011292,  722532127,  774956833,  824235808,  864102190,  908146484,  952181556,
  614534961,  665910069,  717285178,  768660288,  817938245,  863022920,  904987486,  946925411,  987814759,
  677440330,  723572561,  769704792,  816885600,  861969257,  903908208,  947962759,  986753936, 1025544089,
  744540005,  785429357,  826318711,  867208065,  908097420,  946890648,  989889456, 1025533885, 1061177290,
  815832959,  851480458,  887126934,  922773411,  957371312,  991969215, 1030767575, 1063265256,   20972537,
  892369818,  921724840,  952128439,  982532039, 1010839510, 1039145959, 1070598142,   14661637,   25122816,
  984645555, 1005609927, 1026573274, 1048585197, 1068500991,    8376331,   17795091,   16719887,   11448320,
 1064320975,    1054692,    6282229,    9411588,   12542992,   16722969,   19853345,    9343002, 1061033984,
    1003500,     993273,     980996,     969742,     958486,     947230,     935973,     924714, 1028492288,
  537975546,  550555374,  612419299,  674283224,  734049997,  792768194,  848340663,  896609987,  949066451,
  537969433,  590396175,  649113350,  706782974,  764452598,  818976495,  872451815,  924916474,  979456773,
  580954937,  634430257,  690001707,  743477029,  796952352,  849379099,  900757271,  957418290, 1009847095,
  634426201,  684755796,  735084368,  785413965,  834694986,  882927433,  931159880,  990960485, 1039188841,
  693139322,  739274616,  785409911,  830496630,  875583350,  920670071,  964708219, 1022400404, 1066434458,
  758144924,  799037341,  839929759,  881869729,  921713572,  960508839, 1002449838, 1052791748,   16792524,
  828392383,  864041923,  900740039,  936389581,  970990546, 1005591513, 1041241059,    6295539,   39843838,
  918578146,  945836010,  973093875, 1000350715, 1026558980, 1053816845,    2085908,    5205001,   13573120,
  990910471, 1011876880, 1032843290, 1053810723, 1073727534,    1014830,     995370,     975907, 1049515008,
  537940704,  537939654,  564154029,  631261846,  698370687,  764429929,  830490197,  895500865,  956367434,
  537938692,  537937645,  587220694,  651182784,  716194476,  779107992,  843071110,  905984628,  969998979,
  537936681,  552615700,  614481664,  676346605,  737163994,  797980361,  858797753,  919614121,  988873406,
  537933647,  589313853,  648033067,  705704731,  764424971,  822095611,  878718701,  936389344, 1011942140,
  575680375,  631254887,  685779800,  741354314,  795879229,  849356592,  903882532,  957358873, 1038154555,
  628107167,  679486355,  730866567,  781198203,  831528816,  881860454,  931142493,  981474133, 1055961969,
  686825417,  734010303,  780147638,  827332525,  872421285,  917510045,  962597784, 1007686548, 1071672232,
  753931253,  794825709,  836767719,  877662176,  918556635,  958401495,  998247382, 1038093271,   12592097,
  836776995,  871376927,  905977883,  939530263,  973082645, 1005585427, 1038088212, 1068492823, 1071608832,
 1016074246, 1020248136, 1023374465, 1024408738, 1026494628, 1028583562, 1028576347, 1029618719,   74444793,
   58696763,   46095480,   33496224,   17755304,     968848, 1057926240, 1042190370,  190828524,  165644334,
  142557294,  115277980,   81710251,   43951254,    7242853, 1048471588,  273657821,  247426075,  222242907,
  194963607,  143568044,   85885083,   27155562, 1049509926,  304059341,  282021890,  259985467,  236900472,
  205426861,  124674207,   43923566, 1045306408,  274691006,  259996645,  245300243,  228506696,  210663554,
  162413731,   57545842, 1037957161,  202333105,  194979786,  185527274,  176073748,  164523078,  152971392,
   68023413, 1026414634,  106907559,  103748530,   99540934,   95331299,   90071051,   84810813,   78500987,
 1011726380,     997279,     984991,     971688,     957371,     941016,     922626,     904249, 1012765760,
  924874703,  939535365,  954198071,  967814233,  981431396,  991904857, 1001328702, 1009703958, 1033917386,
 1034948608, 1041221687, 1046447199, 1045383279, 1042222181, 1036963911, 1031707674,   66071496,   58715135,
   54503478,   49242212,   34544760,   14604400, 1067358287, 1046371357,  160431044,  146784250,  134185009,
  121585764,   94304382,   57584761,   17720406, 1052648480,  219134910,  203391983,  187648034,  174002263,
  153014404,   97419393,   36582493, 1052634146,  223308728,  210712543,  197067786,  184471609,  171874411,
  134108296,   51250274, 1047380004,  176100274,  168750028,  160349164,  150898706,  141449278,  131997807,
   62773351, 1037931558,   96390062,   93234107,   89028559,   84823018,   80615437,   75360313,   70103148,
 1023240232,     953258,     944044,     933814,     922567,     911330,     898054,     884789, 1027425344,
  832623516,  859871174,  886071279,  910174223,  933230625,  953141284,  969905180,  985619467,  925936544,
  943747019,  962607095,  982514715,  997179441, 1007648821, 1014971433, 1020196880, 1019248550, 1028672466,
 1040192510, 1051709478, 1056934975, 1055865924, 1050602548, 1043242004,   39867306,   39854039,   44033028,
   47163439,   40851532,   26148946,    5153855, 1055803416,  117443502,  112187353,  107978757,  104818738,
   96413784,   65980510,   27156551, 1061027867,  155163570,  147812310,  139411453,  132058150,  126803024,
  102667369,   42869839, 1057864734,  139400116,  133099471,  126797805,  120495118,  113143859,  106841180,
   54389846, 1049460768,   81694646,   78540741,   75386841,   71183345,   68027408,   63822899,   59618396,
 1035815971,     924600,     918460,     910278,     903126,     894957,     884747,     875569, 1044194368,
  742464365,  781249419,  818986919,  853579712,  883982293,  912287713,  936398827,  959462389,  824242041,
  855688089,  887133112,  917530581,  944786414,  967844865,  987756551, 1005566980,  907068294,  931174310,
  956328903,  980434920, 1003491333, 1020252180, 1031767062, 1039086602,  993040274, 1008757685, 1026572247,
 1044386810, 1059050519, 1065320486, 1064247331, 1058979855,    9465759,   15743939,   23071719,   32494602,
   38770729,   31406134,   15649838, 1068390419,   72351659,   72339405,   73375726,   74412047,   76495920,
   67040326,   33455161, 1069416471,   90135478,   88029137,   84873196,   82764808,   80657446,   79597637,
   44969026, 1062054938,   61777856,   59673552,   57569251,   55463929,   52307985,   50202669,   48095307,
 1047355421,     917448,     912334,     906201,     900071,     893946,     885777,     878637, 1060977728,
  658587457,  706812754,  753990498,  800120688,  841009018,  875617162,  910215055,  942716820,  727783253,
  770765671,  813749114,  855682957,  893425564,  925933486,  956336056,  985690051,  800123752,  836815741,
  873506706,  910198696,  943744955,  975200209, 1003504610, 1029710834,  876658557,  906010515,  936411050,
  966811585,  995114969, 1024468979, 1047522308, 1062181892,  956339089,  979399594, 1002460099, 1025520604,
 1049629686, 1067439116,    2062354,    4132873, 1044413349, 1059083201,      11230,   12580854,   23052302,
   28277792,   20909087,    7245838,   29358009,   32491475,   36673515,   39806977,   43989014,   48171051,
   32416812,     925714,   34548684,   34538462,   34529263,   34519041,   34508819,   35547173,   35536952,
 1059960854,     937947,     931812,     925679,     919547,     911369,     904217,     896042,     887868,
  583084824,  639701787,  695271198,  748744480,  800120609,  847302431,  885079860,  930163508,  639698739,
  692122423,  743497533,  793824067,  841004871,  885041993,  925956960,  967893861,  700506957,  746639188,
  793819996,  839952229,  882938733,  923829108,  966834060, 1005624213,  764460905,  806398834,  847288188,
  888177542,  926969746,  965761950, 1007711158, 1043355587,  833656709,  869303184,  904949661,  939548585,
  974146487, 1008744392, 1046492127,    5247985,  907046817,  937450415,  966805439,  996161486, 1024467934,
 1053822962,    7331843,   20940804,  995128253, 1016091600, 1038103523, 1058019318,    3141638,   13611024,
   17781779,   14608393, 1071657946,    4192237,    7322621,   11501578,   14632981,   17764381,   21943332,
 1072583694,     998387,     987134,     975881,     964626,     953370,     942114,     930856,     918572,
  537974516,  580963048,  642826973,  704690899,  763409096,  821078717,  876651186,  919708373,  561037076,
  619755275,  678472450,  736142074,  791714546,  846238443,  898665187,  952195846,  607168309,  662740782,
  717263656,  770738978,  823165726,  875592473,  925922069,  983635766,  659590999,  709919570,  760249166,
  809530188,  858811210,  907043657,  955276105, 1015074663,  716206969,  762342263,  807428983,  853564278,
  897602423,  942689145,  987774845, 1044417431,  778066845,  820007838,  860899232,  901791650,  940587941,
  981479338, 1023420339, 1071663048,  846217153,  881866693,  918564810,  954214352,  987766741, 1023416286,
 1060114410,   23069689,  932206566,  959464431,  986722295, 1013980159, 1040188424, 1067446290,    6268945,
    9389061, 1001394187, 1023409173, 1043327006, 1063244841,    1025071,    1004588,     985127,     965662,
  537939667,  537939642,  597707425,  664816266,  731924084,  797984351,  862995019,  929055288,  537937656,
  554714849,  618676939,  683688630,  747650722,  810565263,  874527357,  937441900,  537935646,  584072970,
  645937910,  706755299,  767571666,  828389057,  889205425,  948974242,  559953734,  618673972,  677393187,
  735064851,  792735491,  850407156,  908077798,  964700890,  602943343,  658517856,  714091345,  768617283,
  822093622,  876619562,  930095902,  984621844,  653272985,  704652172,  756032385,  806362997,  856694635,
  905977697,  956308313, 1005591378,  710941636,  757078971,  804264881,  849352617,  895489953,  940577690,
  985666454, 1030755219,  774902769,  815797226,  856690659,  897585117,  938479577,  978324438, 1018170326,
 1058015192,  854600737,  888153117,  922754073,  956306454,  988809236, 1022360596, 1053814805,    1031184,
   11544542,    5232672, 1073712225, 1068451987, 1063195816, 1055845533, 1047448696, 1040102464, 1033804800,
  144704466,  124762132,  103772245,   84880524,   62846120,   36620450,    9348222, 1057916996, 1035890688,
  250601413,  224368645,  198137926,  174003332,  135190695,   89040038,   40796291, 1070489672, 1030637568,
  308264889,  284131314,  259996718,  234814571,  206486693,  140412074,   70147208,    4078667, 1021190144,
  304062384,  287269851,  268379149,  249488452,  228500607,  190735533,   96352396,    8263758, 1005452288,
  247432106,  236932038,  226431978,  213832725,  200184904,  185487490,  120461456,    9303121,  986569728,
  159345574,  154089396,  147783625,  141477864,  134121488,  125715521,  117308541,    6149203,  964541440,
   55531427,   53421988,   52360110,   50248641,   48136158,   44973062,   42857530,   18722918,  938319872,
  976258994,  983581670,  993000478, 1002420300, 1010792550, 1016022119, 1019153491, 1021236271, 1022272512,
   16801710,   11542500,   10476572,   11506766,    8343662, 1071583347, 1060033629, 1046386741, 1034838016,
  121648043,  111146978,   99595289,   92238927,   76491891,   51307644,   21930087, 1065245754, 1036918784,
  203422631,  187678683,  172983312,  159336518,  142543991,  101629059,   52326511,    3024959, 1031661568,
  234859430,  221215697,  206522367,  191826992,  178181219,  149853323,   80625782,    9304131, 1020114944,
  209671079,  200222661,  189725672,  178177040,  166629437,  155081839,  104732796,   12438599, 1003325440,
  141493161,  136240057,  130985935,  124683245,  117329937,  109976636,  102623342,   10330186,  982343680,
   51297195,   49190831,   47083450,   44976076,   42866662,   40756233,   38646838,   25000034,  957167616,
  868277129,  890282931,  913336286,  935341062,  956299297,  973062188,  987727913,  999245849, 1009716224,
  966832013,  979401657,  994066405, 1009779727, 1023394863, 1030717501, 1032796216, 1033825314, 1032758272,
 1065387922, 1068520382,    1055723,    9427991,   13604923,    9390155, 1072624709, 1057922090, 1043220480,
   83905430,   79697859,   77587439,   78620700,   76508230,   58659928,   32420945,     938032, 1044247552,
  146796444,  139444164,  132091885,  125786136,  120529987,  105832548,   60717147,   10358838, 1036890112,
  157248420,  149898179,  142547940,  135195656,  127844399,  121540696,   84820068,   14536763, 1023242240,
  117366701,  112115647,  106863574,  101611505,   96358416,   91104308,   85850205,   12425280, 1002255360,
   43934644,   42877883,   40773575,   38668248,   37611504,   35504141,   33396785,   31289436,  977076224,
  765534052,  800124802,  835764129,  869307325,  900757464,  928012266,  951073784,  972037121,  995092480,
  851506032,  878756752,  907057072,  935356367,  962610158,  984617989, 1003478030, 1018141708, 1029656576,
  939574140,  959485853,  980446142, 1001406432, 1023414274, 1038077976, 1047493663, 1050616854, 1050594304,
 1030788999, 1043360682, 1055932366, 1069552625,    8379411,   13601833,    9382958, 1071562783, 1058953216,
   43013011,   46146487,   50328538,   54510589,   59739167,   58674235,   38722620,   10380326, 1055780864,
   88065954,   87006144,   84898783,   83838974,   82778141,   82765885,   61772873,   15602733, 1044224000,
   82777009,   79623110,   77516764,   74361844,   71205903,   69099563,   66991177,   14533683, 1024281600,
   34496448,   33440713,   32386006,   31330278,   29225978,   28169234,   27112493,   26054731,  999096320,
  670120770,  715201363,  761329509,  805361526,  847297414,  882952088,  917549984,  949001127,  979404720,
  744558421,  783347560,  823185276,  863021968,  902859685,  935365561,  965767111,  994072532, 1021328354,
  822141800,  854639485,  888185746,  921732009,  954229695,  985682904, 1012937708, 1039141888, 1059046400,
  902870908,  929077138,  955283370,  982538178, 1008744410, 1036001270, 1055906824, 1067418634,     992256,
  987794318, 1006660520, 1026575298, 1046490077, 1066404856,    8376334,   13596697,   10422292,    3052544,
    4221857,   11548605,   18875352,   26202097,   33528840,   40855583,   36639786,   16685085, 1067325440,
   36678584,   37715918,   39801827,   40840184,   41876492,   43962400,   46047283,   15608869, 1048422400,
   21941197,   21933018,   20877288,   20869111,   20859910,   20851735,   19793960,   19783738, 1022182400,
  584131364,  638652199,  692124459,  745596720,  795923251,  843105076,  884021062,  927011659,  969998158,
  645988158,  694217539,  743495497,  792773456,  839954263,  883990365,  925950835,  966839161, 1006678912,
  709942104,  753977183,  798012263,  842047345,  883985274,  924874628,  968926108, 1006667686, 1043360689,
  780186482,  817930108,  856722310,  894466962,  932210590,  968905643, 1009804227, 1044399058,    5253090,
  853577612,  886078361,  919627687,  952128437,  983580611, 1015033811, 1050683370,    7341053,   27243520,
  932210599,  959468471,  985677768, 1012935641, 1039145962, 1064306685,    9422857,   17786890,   19857408,
 1024483265, 1042301909, 1060119530,    2097148,    9419785,   15695892,   21970972,   14604309,     943104,
    5232606,    6266863,    7302141,    8337418,   10421268,   11456540,   12491812,   13527081, 1045286912,
  537972490,  569427711,  630242036,  690008811,  748727010,  805348056,  859871951,  910239454,  964785900,
  555792169,  612413216,  669033240,  724605714,  780178187,  833653509,  886080255,  940643093,  995176222,
  606117705,  658544451,  712018749,  764445497,  815823669,  866153266,  915434288,  974192461, 1024517968,
  662734698,  710966118,  759198563,  807431009,  854614880,  901798752,  947934049, 1006680957, 1052812161,
  724593547,  768631691,  811621259,  855659404,  897600397,  940589967,  983578516, 1038119852,    5266355,
  791696301,  830490544,  870334387,  909129655,  945827771,  982525888, 1021321161, 1067462620,   28317669,
  866138065,  898641878,  932194268,  965746659,  997201898, 1029705715, 1062208511,   11522051,   29329408,
  954220532,  978332669, 1002443782, 1026555919, 1050668057, 1073731619,    4162592,    6238233, 1069462528,
  537939698,  537938649,  574638786,  640698027,  706758293,  771768961,  835732077,  900742747,  962658918,
  537937686,  537936640,  599802603,  663764694,  725630659,  788544177,  850410143,  912275087,  979436192,
  537935676,  570440488,  630209302,  691025668,  749745906,  809513698,  868233939,  926953156, 1000407773,
  552612707,  609235794,  665857858,  723529522,  779104035,  834677525,  890252040,  946874108, 1025573660,
  600845195,  654322557,  707798895,  760227682,  812655446,  865084234,  916464448,  968892215, 1047582550,
  656417716,  705699753,  754982814,  803217300,  851450762,  898636673,  946870138,  994056052, 1064341388,
  719329247,  763369430,  807409614,  851448774,  894440384,  937431994,  979374006, 1022365621,    5261252,
  789580811,  828378117,  867175423,  904924154,  942672887,  980420597, 1018169333, 1054868473,   19922942,
          0,    3125313, 1071605885, 1066347681, 1058995366, 1051647117, 1044299870, 1036953633,  136306675,
  113218613,   94326899,   75435166,   50257065,   22983827, 1069454435, 1046379555,  238010341,  210728997,
  186594406,  156169370,  113163435,   64917657,   17723496, 1049515045,  296722389,  272587791,  247405644,
  222223499,  175022253,  105803933,   36587628, 1048456231,  295666629,  277825523,  258933800,  238994529,
  218006686,  143543457,   51259504, 1042155560,  242182071,  231682007,  220132350,  206484526,  192835684,
  177089698,   63833204, 1032710186,  156193708,  150936509,  144630743,  138323963,  129917991,  121512030,
   72213623, 1019070507,   54476707,   53415848,   51304374,   49192910,   47079408,   43915294,   40751192,
 1003334700,  979395532,  987766786,  998234167, 1007655004, 1013931114, 1018112095, 1020194883, 1022278680,
   13647817,          0,   11515958,   11497570,    4141172, 1066332267, 1052685387, 1040088091,  115348422,
  104847357,   96441396,   85938276,   64948347,   36618357,    6192211, 1050558494,  195026881,  180331509,
  165636139,  153037920,  123659393,   77501565,   27151450, 1053689889,  228561851,  213868519,  199174167,
  184479817,  170834046,  116288644,   44964959, 1050530851,  205471669,  194973653,  184476667,  172928038,
  161380438,  149831818,   57536613, 1043179557,  139390896,  134136771,  127835101,  120482814,  114178085,
  106824788,   65913961, 1030586407,   50243500,   48137139,   46029762,   43921368,   41811959,   39701534,
   36542544, 1014846504,  879804318,  901809097,  923814899,  945819669,  965729321,  980395052,  992962595,
 1004480526,  973117347,  985685967, 1001399290, 1017111585, 1027580984, 1032806461, 1033835567, 1032767506,
 1066429352, 1071658965,          0,   12565547,   12546118,    5185611, 1065273402, 1050570774,   81802156,
   79691737,   78627846,   78613555,   69156946,   47113304,   16678979, 1058938906,  143644592,  136292313,
  128937987,  123682861,  118425689,   84847715,   35537995, 1059970077,  154097587,  146747347,  138347510,
  130995227,  124692547,  118387821,   49154131, 1054711839,  115265461,  110014410,  104762339,   99508224,
   94255138,   89002056,   58576986, 1043162146,   42881975,   41826240,   39720911,   37615587,   36558846,
   34450463,   32343110, 1026371620,  783353715,  817944466,  852535216,  886079434,  914383842,  939542513,
  961556478,  983565313,  865131392,  893430688,  921731008,  948982750,  974139387,  995097611, 1010809870,
 1024423943,  950054796,  969966509,  990926799, 1012934641, 1031794702, 1043310621, 1049579549, 1050605580,
 1037075353, 1049647036, 1062218720,          0,   12563488,   12540974,    4125737, 1065256977,   45104037,
   48237512,   52419564,   56600590,   61830192,   49223742,   25076788, 1070476309,   88060849,   85952463,
   84892654,   83831821,   82772013,   82759757,   39736382, 1066259480,   80675771,   78569425,   75415528,
   73308161,   70153244,   68045882,   48105543, 1055754267,   34493380,   33437647,   31334366,   30278640,
   29221894,   28165151,   26059836, 1038957598,  693185355,  738264924,  783345518,  827377534,  867217291,
  900774812,  933275556,  964727723,  763428702,  803266418,  843103110,  882940827,  918585260,  951091136,
  980444109, 1007699931,  837866355,  871412616,  904958878,  938505140,  969954250, 1000358882, 1026564086,
 1049619457,  915449735,  942704542,  968910774,  995117006, 1022371815, 1047528450, 1062187019, 1071600647,
  997227419, 1017142197, 1037056975, 1056971754,          0,   11511830,   12533785,    7262219,    8409007,
   14687179,   23062501,   30390269,   36667412,   43994154,   27187238,    5134352,   37721027,   38759385,
   39796718,   41881602,   42919958,   45004841,   35549234, 1068362772,   21937108,   21929953,   20873199,
   20865022,   20855822,   19798047,   19788849, 1050510360,  611391270,  664863529,  718335789,  770759474,
  820038452,  866172724,  906042186,  949028685,  670102336,  718331718,  767609677,  815839060,  861972314,
  903911263,  946919286,  986759037,  731959131,  775994211,  820029292,  863015798,  904954751,  944795529,
  987797409, 1024490412,  799058807,  836802433,  875594636,  913338264,  950034340,  986729395, 1027625931,
 1061172186,  870351763,  902852512,  935353262,  967855036,  999307210, 1031807965, 1065358324,   18865153,
  945839023,  972048319, 1000355792, 1026565090, 1051725811,          0,   14654475,   18822150, 1032868811,
 1050686431, 1068504052,    6282243,   12558351,   18833432,   19861531,    8297484,    5225447,    7309302,
    8343556,    9378831,   10415128,   11450400,   13534247, 1061031952,  539020036,  599834361,  660649712,
  719367910,  777037533,  832610004,  887133898,  936476397,  584102692,  640723740,  697343765,  752916238,
  807440136,  859866882,  912293628,  967915294,  632331078,  685806400,  738232123,  789610295,  840988467,
  890269489,  939550511,  999355215,  686850920,  735082341,  783314786,  830498657,  877682528,  924866400,
  971001699, 1029746559,  746612619,  790650763,  833640331,  876629900,  918570894,  961560465, 1004549016,
 1059088304,  811618222,  850412465,  889207733,  928003001,  963652541, 1001399236, 1042291663,   10494944,
  881865683,  915418073,  948970463,  981474278, 1012929518, 1045433336,          0,   20950018,  966800377,
  990911490, 1015024651, 1039135764, 1062199326,    2076706,    5200925, 1070523400,  537938662,  541084365,
  608192182,  674252448,  739263115,  804274807,  868236900,  932200018,  537936651,  568345334,  631258849,
  695221965,  757086906,  818952872,  880817815,  942683783,  540031794,  599800607,  660616972,  720385787,
  780153578,  838873818,  897593035,  956313277,  580924250,  637547338,  694169402,  750792491,  807414556,
  862989071,  918562562,  974137079,  628108164,  680535926,  734013289,  786442076,  838869840,  891298629,
  942677819,  995106611,  681583534,  729816995,  779100057,  827333519,  875568006,  922753918,  969938807,
 1018173298,  741349339,  785389522,  829428682,  873468867,  916460477,  958402488, 1001394101, 1044384693,
  809503752,  847251458,  886049789,  923798520,  961546229,  999294965, 1035995127,          0,
